37034040
0 -0.255973 -0.0953125 2.1192 2
1 -0.28174 0.227203 2.18097 2
2 -0.301111 0.536992 2.23731 2
3 -0.290755 0.677443 2.27578 2
4 -0.429197 0.400474 2.16271 2
5 -0.471994 0.149737 2.04184 2
6 -0.263496 0.201184 1.95656 2
7 -0.234572 0.211054 1.96719 2
8 -0.0785249 0.405127 2.27562 2
9 0.150637 0.461229 2.23158 2
10 0.290699 0.623112 2.16002 2
11 0.320514 0.64494 2.16524 2
12 -0.319973 -0.0825772 2.05321 2
13 -0.291506 -0.513086 1.93802 2
14 -0.274676 -0.838416 1.76969 2
15 -0.219996 -0.881815 1.65239 2
16 -0.18216 -0.105541 2.10784 2
17 -0.137523 -0.514728 1.91813 2
18 -0.089987 -0.866668 1.84255 2
19 -0.130131 -0.873506 1.69232 2
20 -0.296865 0.460514 2.22571 2
21 -0.18377 0.225107 1.96101 2
22 -0.214013 0.262542 1.99615 2
23 0.383722 0.709184 2.16115 2
24 0.320823 0.603636 2.2035 2
0
0
0.200936 -0.0194704 0.974267 0.10025
0.177235 -0.0218974 0.978856 0.0997482
0.15288 -0.0156494 0.985003 0.0784394
0 0 0 0
-0.186798 0.826033 -0.524944 0.084913
-0.23305 0.943625 -0.0227389 -0.233971
0.760616 -0.363242 -0.181078 -0.506684
0.724547 -0.0622637 -0.357141 -0.586178
0.00681241 0.769513 0.616377 0.16698
0.783061 -0.16349 -0.0607731 -0.596986
0.92224 -0.137779 0.0899105 -0.349866
0.890035 0.0872472 0.0174455 -0.447126
0.357545 -0.626147 0.663907 -0.198318
-0.09077 0.826339 0.0986555 -0.546984
-0.194644 0.847628 0.136032 -0.474484
0 0 0 0
-0.108584 0.753489 0.648356 0.0099361
-0.161323 0.542678 -0.150199 0.810503
-0.123498 0.794148 -0.0100929 0.594958
0 0 0 0
0.152452 -0.0170821 0.98327 0.0982194
0 0 0 0
0 0 0 0
0 0 0 0
0 0 0 0
