46514633
0 -0.122576 -0.0978715 2.09726 2
1 -0.0994643 0.224089 2.19439 2
2 -0.0765418 0.532577 2.27775 2
3 -0.068925 0.679356 2.31764 2
4 -0.242461 0.413823 2.16647 2
5 -0.358554 0.394389 1.96349 2
6 -0.311919 0.546856 1.77884 2
7 -0.290049 0.585396 1.7256 2
8 0.0825623 0.386417 2.26589 2
9 0.158617 0.120374 2.18055 2
10 0.0256281 0.0442651 1.98394 2
11 -0.0303467 0.0147961 1.9812 1
12 -0.194204 -0.0870006 2.04403 2
13 -0.26162 -0.498518 2.00341 2
14 -0.281719 -0.855317 1.88686 2
15 -0.192101 -0.8884 1.76708 2
16 -0.0462904 -0.105021 2.07067 2
17 -0.0311727 -0.520205 1.99608 2
18 -0.0101846 -0.871125 1.87395 2
19 -0.0460513 -0.886588 1.74946 2
20 -0.0822782 0.457131 2.25933 2
21 -0.26124 0.643348 1.6827 2
22 -0.239 0.59112 1.75491 2
23 -0.0928368 0.00404926 1.95446 2
24 -0.0545111 0.0904383 1.97012 2
0
0
0.0958322 0.0486342 0.984062 0.141675
0.117046 0.0516803 0.981765 0.140592
0.138438 0.0533891 0.982472 0.112842
0 0 0 0
-0.247704 0.778295 -0.569883 0.0901886
0.66558 -0.560407 -0.124867 0.476819
0.797671 -0.322154 0.419774 -0.289358
0.790848 -0.311266 0.390832 -0.353445
-0.0745618 0.82201 0.545391 0.145904
-0.191738 0.896386 0.0620553 0.394814
-0.586928 0.707415 -0.0533814 -0.390167
0.384911 -0.601968 0.345161 0.608557
0.301555 -0.646337 0.685219 -0.147605
-0.0891694 0.764195 -0.0308281 -0.638047
-0.154297 0.900028 0.0398379 -0.405653
0 0 0 0
-0.211329 0.737508 0.641298 -0.0125956
-0.0700823 0.630464 -0.0572916 0.770922
-0.151857 0.800153 -0.0739836 0.575518
0 0 0 0
0.13892 0.0543971 0.980378 0.128842
0 0 0 0
0 0 0 0
0 0 0 0
0 0 0 0
