43347858
0 -0.116655 -0.13569 2.06013 2
1 -0.115582 0.126962 2.07253 2
2 -0.114028 0.385591 2.07529 2
3 -0.0781239 0.546917 2.13621 1
4 -0.185335 0.450403 2.06619 2
5 0.0141857 0.60177 1.89549 2
6 0.20092 0.710128 1.83149 2
7 0.233673 0.722544 1.82703 2
8 0.0582377 0.25942 2.15564 2
9 0.00138946 -0.0173152 2.03016 2
10 -0.0882166 0.163414 1.79487 1
11 -0.118147 0.22375 1.72073 2
12 -0.177963 -0.112329 1.94889 2
13 -0.203111 -0.49163 1.90024 2
14 -0.264087 -0.837217 1.82623 2
15 -0.183356 -0.871818 1.70036 2
16 -0.0504284 -0.166628 2.08293 2
17 -0.0630124 -0.469369 1.99615 2
18 -0.067888 -0.813888 1.84195 2
19 -0.072974 -0.876604 1.70467 2
20 -0.114547 0.32237 2.0771 2
21 0.282215 0.782218 1.80326 2
22 0.265874 0.68413 1.82289 2
23 -0.117738 0.249875 1.68844 1
24 -0.0867751 0.239477 1.67183 1
4
0
0.391513 0.0111159 0.919868 0.0209065
0.274922 0.0084491 0.961175 0.0221192
0.145701 0.00197817 0.989217 -0.0147488
0 0 0 0
0.135088 -0.252244 0.958183 -0.00322966
0.780828 -0.457581 -0.374192 -0.202258
0.703144 0.142866 0.496173 -0.488865
0.694966 0.236348 0.439121 -0.518009
0.145294 0.798308 0.566998 0.141799
-0.119135 0.804514 -0.195449 0.548054
0.591889 -0.405145 0.664258 -0.210443
0.592747 -0.398879 0.670698 -0.199275
0.395275 -0.553214 0.658939 -0.321731
-0.0713324 0.924816 -0.00666091 -0.373608
-0.131536 0.885753 -0.0300224 -0.444116
0 0 0 0
0.0815928 0.824105 0.539738 0.151251
-0.0341787 0.376193 -0.136272 0.915828
-0.145969 0.704874 -0.149535 0.677853
0 0 0 0
0.145942 0.0043236 0.989221 0.0111711
0 0 0 0
0 0 0 0
0 0 0 0
0 0 0 0
