36985216
0 -0.189536 -0.0869379 2.09348 2
1 -0.214361 0.233162 2.20884 2
2 -0.236616 0.540087 2.30816 2
3 -0.24054 0.681052 2.34882 2
4 -0.382297 0.38915 2.21627 2
5 -0.396102 0.167085 2.08767 2
6 -0.224525 0.282971 1.9853 2
7 -0.231475 0.283402 2.00449 2
8 -0.0752804 0.428831 2.19778 2
9 0.0483239 0.550734 1.98328 2
10 0.08274 0.707043 1.81699 2
11 0.0782258 0.7191 1.81601 2
12 -0.256739 -0.0926643 2.05665 2
13 -0.269528 -0.520462 1.95861 2
14 -0.271151 -0.845847 1.77917 2
15 -0.200255 -0.882958 1.69642 2
16 -0.115468 -0.0773933 2.04637 2
17 -0.109222 -0.428828 2.00569 2
18 -0.101695 -0.868714 1.86277 2
19 -0.111898 -0.887543 1.71869 2
20 -0.231217 0.464925 2.28584 2
21 -0.193081 0.32893 1.95078 2
22 -0.190948 0.258773 2.04091 2
23 0.0871094 0.75607 1.74474 2
24 0.0281212 0.707037 1.8321 2
0
4
-0.0451244 -0.0447907 0.983413 0.16987
-0.0421823 -0.0442824 0.983544 0.170003
-0.0385576 -0.0402982 0.988279 0.142108
0 0 0 0
-0.247724 0.840189 -0.480981 -0.0370509
-0.252026 0.901819 0.0665322 -0.344643
-0.201772 0.476405 0.842708 -0.148898
0.517347 0.640615 -0.492853 -0.281178
-0.284995 0.772944 0.565677 -0.0366626
0.832863 -0.397779 0.164976 -0.347698
0.8579 -0.397007 -0.320358 0.0613434
0.926529 0.0233541 -0.329337 0.180379
-0.279072 0.730717 -0.620371 0.057549
0.0863004 -0.66699 -0.0734464 0.736398
-0.236802 0.91698 0.0780398 -0.311421
0 0 0 0
-0.294508 0.659297 0.683603 -0.106207
-0.048375 0.735016 -0.0324514 0.675543
-0.12066 0.726653 -0.0998755 0.668911
0 0 0 0
-0.0389619 -0.0411645 0.985826 0.157909
0 0 0 0
0 0 0 0
0 0 0 0
0 0 0 0
