38253851
0 -0.143016 -0.0710302 2.08287 2
1 -0.128632 0.246214 2.1758 2
2 -0.111551 0.551639 2.25585 2
3 -0.100668 0.693237 2.28768 2
4 -0.303484 0.438072 2.15093 2
5 -0.504831 0.504494 1.95483 2
6 -0.610188 0.633055 1.79813 2
7 -0.616347 0.639619 1.80034 2
8 0.0384966 0.406082 2.2299 2
9 0.0777862 0.149591 2.15174 2
10 -0.0339699 0.248898 1.9742 1
11 -0.0939486 0.258206 1.9814 1
12 -0.205979 -0.0583097 2.01677 2
13 -0.237553 -0.493777 1.95562 2
14 -0.241151 -0.82321 1.79527 2
15 -0.195548 -0.881317 1.69316 2
16 -0.0731103 -0.0778527 2.06323 2
17 -0.0834689 -0.512374 1.97511 2
18 -0.0756411 -0.839555 1.81016 2
19 -0.0977551 -0.877689 1.70051 2
20 -0.116078 0.47714 2.23792 2
21 -0.660336 0.684739 1.73213 2
22 -0.622532 0.622031 1.723 2
23 -0.116714 0.279066 1.93922 2
24 -0.121597 0.227252 2.005 2
4
0
0.174203 0.0465963 0.974187 0.135801
0.140015 0.0418168 0.979685 0.137348
0.103436 0.0418077 0.987206 0.113917
0 0 0 0
-0.225332 0.767914 -0.59693 0.0566407
0.773332 -0.353109 -0.130203 0.510214
-0.020176 -0.251951 0.883735 -0.393861
-0.122696 -0.373454 0.916008 0.0800478
-0.102608 0.833622 0.529964 0.11698
-0.16296 0.838638 -0.0145161 0.519537
0.757475 -0.279543 -0.37438 0.45599
0.730949 0.248989 -0.204597 0.601547
0.351966 -0.622281 0.667175 -0.209197
-0.0775657 0.815467 0.0106368 -0.573484
-0.201428 0.863997 0.0993732 -0.450622
0 0 0 0
-0.186761 0.739421 0.646799 0.00526169
-0.0474758 0.568986 -0.0886265 0.816178
-0.191573 0.777903 -0.13013 0.584152
0 0 0 0
0.104005 0.040038 0.985573 0.127381
0 0 0 0
0 0 0 0
0 0 0 0
0 0 0 0
