33892468
0 -0.20882 -0.0908806 2.10271 2
1 -0.173323 0.244219 2.18651 2
2 -0.127458 0.565704 2.25675 2
3 -0.132999 0.702519 2.31059 2
4 -0.334503 0.410193 2.22784 2
5 -0.533009 0.468745 2.09691 2
6 -0.570898 0.650665 1.96305 2
7 -0.559565 0.681636 1.94929 2
8 -0.059397 0.450871 2.13506 2
9 0.0770202 0.378921 1.95136 2
10 -0.0655236 0.447784 2.10589 1
11 -0.0711351 0.483816 2.11252 1
12 -0.273728 -0.0937541 2.08098 2
13 -0.275984 -0.526235 2.02327 2
14 -0.279144 -0.862604 1.83638 2
15 -0.193279 -0.890456 1.73693 2
16 -0.134891 -0.0824357 2.04465 2
17 -0.119905 -0.411322 1.99291 2
18 -0.108184 -0.865442 1.8704 2
19 -0.1327 -0.892318 1.73379 2
20 -0.139222 0.487602 2.24136 2
21 -0.559036 0.741864 1.90918 2
22 -0.524325 0.679708 1.9722 2
23 -0.0982101 0.469405 2.15751 2
24 -0.101451 0.425231 2.14591 2
2
1
-0.138594 0.0340369 0.981485 0.127754
-0.1687 0.0300937 0.97676 0.12874
-0.205581 0.0520885 0.971098 0.109504
0 0 0 0
-0.133492 0.814958 -0.546177 -0.140406
0.786931 -0.328564 -0.016783 0.522019
0.908062 -0.320638 0.269439 -0.00404458
0.931391 -0.14846 0.256668 -0.211168
-0.388754 0.774812 0.464436 -0.181205
-0.572809 0.746929 0.148008 0.303449
0.804938 0.47195 -0.0878485 0.348741
0.962692 0.106033 -0.243507 0.0518119
-0.180234 0.720502 -0.66824 0.0429874
0.0419732 -0.600748 -0.0513596 0.796682
-0.236854 0.908322 0.0827482 -0.33467
0 0 0 0
-0.328137 0.660598 0.661108 -0.137375
-0.075706 0.794553 -0.0290388 0.601757
-0.10971 0.768104 -0.0732802 0.626586
0 0 0 0
-0.204167 0.0442125 0.970356 0.12153
0 0 0 0
0 0 0 0
0 0 0 0
0 0 0 0
