43455576
0 -0.200456 -0.0923831 2.05149 2
1 -0.119214 0.239402 2.10295 2
2 -0.0349304 0.560187 2.13609 2
3 -0.0490978 0.696694 2.19095 2
4 -0.310039 0.462934 2.20502 2
5 -0.512304 0.527382 2.12418 2
6 -0.652894 0.676942 2.03426 2
7 -0.679898 0.683098 2.03078 2
8 0.0635071 0.417459 2.07026 2
9 -0.0631897 0.270087 1.9352 2
10 -0.123311 0.467427 2.002 1
11 -0.13325 0.475884 2.02265 1
12 -0.266905 -0.0913733 2.03664 2
13 -0.284128 -0.51102 1.98428 2
14 -0.271908 -0.848408 1.84242 2
15 -0.196426 -0.870801 1.70688 2
16 -0.125513 -0.0881816 1.98559 2
17 -0.114451 -0.508776 1.93697 2
18 -0.085105 -0.849007 1.81116 2
19 -0.0901863 -0.878648 1.69315 2
20 -0.056168 0.481769 2.13047 2
21 -0.708165 0.72677 1.95401 2
22 -0.707777 0.642371 2.01565 2
23 -0.135289 0.514614 2.05528 2
24 -0.193768 0.439626 2.05892 2
0
0
-0.180792 0.103037 0.973421 0.0956542
-0.174551 0.103648 0.974559 0.094992
-0.173534 0.123485 0.975372 0.0573345
0 0 0 0
0.0346254 0.711701 -0.68066 -0.170247
0.800703 -0.203201 -0.0270657 0.562896
0.776325 -0.00598762 -0.480638 0.407763
0.672285 0.24673 -0.39787 0.57346
-0.182399 0.840652 0.500349 -0.0984184
-0.272519 0.892044 -0.338216 0.124907
0.827463 0.208925 -0.519943 0.0362551
0.721251 0.571139 -0.390943 -0.0275767
0.110703 -0.700414 0.703676 -0.0447773
0.0519666 -0.566245 -0.0394754 0.82165
-0.165082 0.859352 0.109961 -0.471349
0 0 0 0
-0.344587 0.674842 0.634265 -0.153481
-0.0547995 0.822739 -0.021783 0.565352
-0.157417 0.726348 -0.0882268 0.663216
0 0 0 0
-0.170978 0.114912 0.975586 0.0761137
0 0 0 0
0 0 0 0
0 0 0 0
0 0 0 0
