33671796
0 -0.184203 -0.0809934 2.12571 2
1 -0.165082 0.236544 2.21143 2
2 -0.139887 0.538335 2.28929 2
3 -0.124943 0.679517 2.34521 2
4 -0.31401 0.425252 2.1885 2
5 -0.410315 0.54642 1.95218 2
6 -0.390702 0.686038 1.76756 2
7 -0.39278 0.703829 1.74482 2
8 0.00160741 0.398104 2.27763 2
9 0.0519488 0.174339 2.2677 2
10 0.0880271 0.000993672 2.11618 2
11 0.0490543 0.00725714 2.09448 1
12 -0.248322 -0.0697427 2.06142 2
13 -0.298908 -0.497856 2.02379 1
14 -0.298137 -0.847536 1.858 2
15 -0.218569 -0.889232 1.7475 2
16 -0.110842 -0.0851773 2.10194 2
17 -0.0943203 -0.413193 2.04622 2
18 -0.0897777 -0.854592 1.89589 2
19 -0.0982994 -0.893981 1.78719 2
20 -0.146543 0.464913 2.27148 2
21 -0.359994 0.72902 1.66223 2
22 -0.431197 0.682016 1.686 2
23 0.043641 -0.0172812 2.09567 2
24 0.0473096 -0.018892 2.09575 2
0
0
0.146264 0.0483416 0.980058 0.125524
0.137442 0.0472104 0.981334 0.125954
0.12622 0.0589382 0.983922 0.111768
0 0 0 0
-0.223951 0.773442 -0.588262 0.0747043
0.841823 -0.474675 -0.0761209 0.245404
-0.589154 0.327961 0.673364 -0.303184
0.646831 -0.28698 -0.62363 0.332171
-0.0680581 0.828162 0.538491 0.139796
-0.0926419 0.711219 0.0637715 0.693915
-0.0286507 -0.14288 -0.356732 0.922771
0.468916 0.250848 -0.591307 0.606258
0.33529 -0.62801 0.670124 -0.210042
-0.0700365 0.797889 -0.0207327 -0.598362
-0.201801 0.898411 0.0865366 -0.380323
0 0 0 0
-0.197557 0.725835 0.658698 -0.0158764
-0.0697605 0.589659 -0.0529316 0.802891
-0.124495 0.731696 -0.105936 0.66174
0 0 0 0
0.127007 0.0555588 0.982826 0.121805
0 0 0 0
0 0 0 0
0 0 0 0
0 0 0 0
