33727154
0 -0.168673 -0.0735488 2.09943 2
1 -0.151383 0.239317 2.20303 2
2 -0.130131 0.538862 2.29354 2
3 -0.112226 0.675595 2.34921 2
4 -0.274846 0.418002 2.11944 2
5 -0.315541 0.577713 1.90972 2
6 -0.241748 0.718642 1.741 2
7 -0.22435 0.74422 1.70046 2
8 0.0146164 0.386917 2.31716 1
9 0.0393479 0.159951 2.27698 2
10 0.0529368 0.0340395 2.07945 2
11 0.0153729 0.00286432 2.04986 1
12 -0.224659 -0.0574803 2.02452 2
13 -0.269988 -0.486426 1.9961 2
14 -0.279332 -0.857313 1.83956 2
15 -0.210033 -0.890647 1.73618 2
16 -0.105298 -0.0860403 2.09343 2
17 -0.0940864 -0.417522 2.04292 2
18 -0.0961063 -0.863339 1.88685 2
19 -0.116138 -0.891195 1.75325 2
20 -0.135894 0.465603 2.27333 2
21 -0.179372 0.771022 1.64275 2
22 -0.265201 0.724942 1.64589 2
23 0.000206432 -0.0539529 2.01625 2
24 0.0502054 -0.0216338 2.0866 2
0
0
0.267246 0.0686193 0.950042 0.145916
0.26693 0.0685707 0.950131 0.145939
0.26515 0.0726524 0.954096 0.118821
0 0 0 0
-0.33547 0.754367 -0.524954 0.206916
0.894049 -0.438975 -0.007486 0.0889999
-0.419549 0.346705 0.792368 -0.275548
-0.406026 0.388885 0.765466 -0.313007
-0.00431415 0.815132 0.525053 0.244666
-0.0996391 0.70699 -0.0231738 0.699786
-0.0782752 0.0828455 -0.474939 0.872607
0.272918 0.254354 -0.390461 0.841641
0.390605 -0.595373 0.65734 -0.246704
-0.0548032 0.864162 -0.0290038 -0.49938
-0.185059 0.890015 0.0722909 -0.410367
0 0 0 0
-0.132574 0.767023 0.621408 0.0891717
-0.0515121 0.487148 -0.0576851 0.869888
-0.126617 0.75312 -0.109795 0.636179
0 0 0 0
0.265828 0.0720798 0.951741 0.135383
0 0 0 0
0 0 0 0
0 0 0 0
0 0 0 0
