33519181
0 -0.173827 -0.0765321 2.11781 2
1 -0.191616 0.241941 2.19212 2
2 -0.210078 0.549502 2.25475 2
3 -0.213085 0.691585 2.31685 2
4 -0.33385 0.412939 2.18597 2
5 -0.40873 0.174514 2.06273 2
6 -0.316141 0.214343 1.95656 2
7 -0.271122 0.229644 1.91646 2
8 0.0206409 0.428495 2.28172 2
9 0.26166 0.480377 2.28961 2
10 0.428136 0.63013 2.25486 2
11 0.473595 0.672928 2.26723 2
12 -0.237622 -0.0693764 2.05661 2
13 -0.248593 -0.42058 2.01277 2
14 -0.274622 -0.860006 1.82059 2
15 -0.19283 -0.890721 1.73927 2
16 -0.102897 -0.0799631 2.10116 2
17 -0.102163 -0.40361 2.02724 2
18 -0.112175 -0.865927 1.87734 2
19 -0.136941 -0.894116 1.74483 2
20 -0.205263 0.474516 2.24163 2
21 -0.232026 0.25001 1.8574 2
22 -0.288631 0.300337 1.8951 2
23 0.511636 0.723041 2.27321 2
24 0.491828 0.645354 2.29924 2
0
0
0.165121 -0.00797366 0.979254 0.117186
0.146022 -0.010254 0.982284 0.117009
0.127798 -0.0203445 0.987521 0.0897507
0 0 0 0
-0.179767 0.835102 -0.516252 0.0614183
-0.267941 0.857003 -0.0192985 -0.439751
0.706406 -0.586782 -0.370171 -0.140182
-0.678059 0.585522 0.404025 0.184836
-0.0134022 0.758587 0.63363 0.151257
0.764062 -0.0978429 -0.146203 -0.620694
0.833162 0.0863692 0.369155 -0.402624
0.864725 0.227446 0.297426 -0.334748
-0.341966 0.651431 -0.65069 0.187879
-0.0594933 0.812014 0.0234256 -0.580125
-0.202727 0.928307 0.0383612 -0.309317
0 0 0 0
-0.151718 0.723517 0.673396 -0.00655273
-0.0660911 0.578213 -0.0904624 0.808157
-0.114241 0.76457 -0.106894 0.625265
0 0 0 0
0.126926 -0.015234 0.985966 0.107371
0 0 0 0
0 0 0 0
0 0 0 0
0 0 0 0
