33625755
0 -0.201083 -0.0820724 2.11341 2
1 -0.163044 0.236617 2.20095 2
2 -0.117911 0.541685 2.27653 2
3 -0.115649 0.688194 2.31888 2
4 -0.316561 0.428573 2.21486 2
5 -0.485275 0.535182 2.05718 2
6 -0.509412 0.710028 1.90978 2
7 -0.51113 0.736347 1.89649 2
8 0.0234585 0.393137 2.22057 2
9 0.0817113 0.177665 2.1489 2
10 0.0334308 0.00875646 1.99506 2
11 -0.0269921 0.0024458 1.99646 2
12 -0.267598 -0.0803378 2.07798 2
13 -0.274783 -0.510164 2.02125 2
14 -0.278586 -0.859252 1.82187 2
15 -0.192574 -0.889333 1.73724 2
16 -0.127986 -0.0789949 2.06591 2
17 -0.128422 -0.396426 1.99909 2
18 -0.112967 -0.864924 1.871 2
19 -0.143285 -0.890884 1.73547 2
20 -0.129475 0.467243 2.25969 2
21 -0.498606 0.780971 1.82872 2
22 -0.54198 0.736875 1.849 2
23 -0.0507822 -0.0454523 1.97197 2
24 -0.0681873 0.0469916 1.95333 2
0
0
-0.0501219 0.0509718 0.988163 0.135732
-0.021014 0.0549449 0.98921 0.134173
0.0057481 0.0762117 0.991028 0.109645
0 0 0 0
-0.161487 0.773453 -0.61269 -0.0174461
0.842035 -0.356888 -0.0234236 0.403806
-0.607282 0.178486 0.715109 -0.296598
-0.625854 0.126099 0.7442 -0.196398
-0.156162 0.843225 0.512966 0.0380882
-0.19299 0.903207 0.0565365 0.379176
-0.367092 0.918828 -0.0597719 -0.132009
-0.372702 0.607378 -0.55603 -0.427805
-0.23714 0.690925 -0.674737 0.105442
0.0500911 -0.668622 -0.0430977 0.740661
-0.246652 0.923792 0.0707584 -0.284191
0 0 0 0
-0.300961 0.687266 0.6535 -0.100128
-0.0760998 0.73535 -0.0702237 0.66973
-0.114889 0.782716 -0.0688961 0.60779
0 0 0 0
0.00716543 0.0714438 0.989814 0.122933
0 0 0 0
0 0 0 0
0 0 0 0
0 0 0 0
