45867813
0 -0.280078 -0.113945 2.14597 2
1 -0.275604 0.193188 2.25518 2
2 -0.263466 0.4911 2.34878 2
3 -0.252902 0.632097 2.39641 2
4 -0.43333 0.387458 2.23116 2
5 -0.54254 0.5316 2.01302 2
6 -0.512904 0.718217 1.89046 2
7 -0.520986 0.733275 1.8904 2
8 -0.114789 0.351623 2.36274 2
9 -0.0675656 0.122282 2.29707 2
10 -0.180675 0.213918 2.09395 2
11 -0.208924 0.23247 2.09272 1
12 -0.344891 -0.101857 2.08165 2
13 -0.336354 -0.488778 1.9958 2
14 -0.293471 -0.8432 1.89352 2
15 -0.246045 -0.872273 1.7449 2
16 -0.206404 -0.123392 2.13073 2
17 -0.128042 -0.478524 1.95168 2
18 -0.0505399 -0.837975 1.8785 2
19 -0.0841753 -0.874691 1.73043 2
20 -0.266877 0.418136 2.32747 2
21 -0.522308 0.801008 1.86 2
22 -0.474091 0.747707 1.85027 2
23 -0.223931 0.237799 2.06043 2
24 -0.244267 0.234384 2.1078 2
0
0
0.179282 0.0377699 0.968979 0.165867
0.184558 0.0386729 0.967988 0.165659
0.188133 0.0491366 0.971634 0.134607
0 0 0 0
-0.257646 0.755626 -0.595695 0.0882883
0.843957 -0.37824 -0.205154 0.320287
0.771881 -0.189094 0.564353 -0.223492
0.544373 -0.202816 0.802625 0.135342
-0.0222149 0.804427 0.550943 0.221054
-0.168538 0.825825 0.00775399 0.538097
0.767074 -0.354167 -0.308124 0.43729
0.866584 0.062151 -0.152727 0.471004
0.363669 -0.63397 0.658303 -0.180178
-0.083663 0.819352 0.0706031 -0.562741
-0.0773888 0.795309 0.129723 -0.587083
0 0 0 0
-0.178212 0.748092 0.637143 0.0514526
-0.207969 0.527983 -0.136757 0.811961
-0.1413 0.797702 0.0258229 0.585695
0 0 0 0
0.188605 0.0478893 0.969602 0.148347
0 0 0 0
0 0 0 0
0 0 0 0
0 0 0 0
