43279499
0 -0.150071 -0.0305511 2.11898 2
1 -0.149082 0.265507 2.19968 2
2 -0.147218 0.551491 2.2674 2
3 -0.10644 0.670658 2.31937 2
4 -0.262694 0.40244 2.06351 2
5 -0.224801 0.53024 1.81956 2
6 -0.100673 0.656417 1.67016 2
7 -0.109535 0.652519 1.67649 2
8 -0.073774 0.504325 2.33352 1
9 -0.0311451 0.23314 2.17489 2
10 -0.281564 0.12476 2.02697 2
11 -0.315102 0.0698963 1.99468 1
12 -0.189276 -0.0179127 2.00017 2
13 -0.255746 -0.430549 1.95084 2
14 -0.261788 -0.841553 1.83877 2
15 -0.187734 -0.88072 1.71041 2
16 -0.10529 -0.0415801 2.15892 2
17 -0.0878978 -0.352299 2.0292 2
18 -0.0727833 -0.703321 1.89074 1
19 0.00624578 -0.712339 1.77711 1
20 -0.14789 0.481338 2.25291 2
21 -0.0752843 0.704751 1.61838 2
22 -0.0460716 0.642156 1.61633 2
23 -0.337757 0.0180645 1.99658 2
24 -0.339722 0.0801705 2.02872 2
4
0
0.510568 0.0697315 0.84954 0.112869
0.451876 0.0619294 0.88216 0.117331
0.39206 0.044403 0.914292 0.091581
0 0 0 0
-0.342479 0.755946 -0.463592 0.310381
0.828234 -0.517477 -0.209484 0.0485969
0.749333 -0.472192 -0.459219 -0.0682153
0.169728 -0.495416 0.550214 0.6504
0.246133 0.551697 0.736301 0.304811
-0.267249 0.952354 0.0302289 0.143828
0.536339 -0.151883 -0.194287 0.807171
0.298453 -0.225756 -0.172325 0.911188
0.455738 -0.557078 0.585282 -0.373379
-0.0771655 0.962269 -0.0617366 -0.253519
-0.120209 0.872505 0.0566535 -0.470187
0 0 0 0
0.168523 0.687878 0.617421 0.342367
-0.0727356 0.235706 -0.184172 0.951437
-0.101005 0.435444 -0.158265 0.88042
0 0 0 0
0.391706 0.0500704 0.912148 0.109754
0 0 0 0
0 0 0 0
0 0 0 0
0 0 0 0
