35206560
0 -0.165502 -0.0829248 2.14218 2
1 -0.15431 0.230757 2.23951 2
2 -0.136856 0.531411 2.32652 2
3 -0.11924 0.660415 2.36763 2
4 -0.268683 0.370759 2.14286 2
5 -0.272621 0.550172 1.90038 2
6 -0.155441 0.691924 1.7611 2
7 -0.134716 0.708605 1.74832 2
8 0.0297679 0.3776 2.35353 1
9 0.0505883 0.108357 2.25603 1
10 -0.0354536 -0.038664 2.06504 1
11 -0.0754262 -0.0851869 2.04132 1
12 -0.217414 -0.0629078 2.03943 2
13 -0.259784 -0.494729 2.00862 2
14 -0.270757 -0.862668 1.83614 2
15 -0.197634 -0.888033 1.73879 2
16 -0.100192 -0.0965716 2.15426 2
17 -0.0989218 -0.412284 2.0557 2
18 -0.105599 -0.871674 1.87453 2
19 -0.125682 -0.892008 1.74456 2
20 -0.141949 0.458031 2.30655 2
21 -0.0982617 0.757081 1.72039 2
22 -0.0911141 0.697815 1.77328 2
23 -0.0913741 -0.134133 2.0265 2
24 -0.130153 -0.0311742 1.98293 2
4
1
0.380763 0.0735932 0.912296 0.131602
0.321383 0.0649889 0.934868 0.136057
0.256505 0.0668178 0.956858 0.119007
0 0 0 0
-0.332328 0.803626 -0.441962 0.220028
0.886122 -0.445732 -0.110283 0.0628391
0.812745 -0.183427 0.382973 -0.398913
0.819564 -0.0773927 0.333012 -0.459814
-0.00289805 0.809181 0.542338 0.226025
-0.170852 0.881271 -0.0438607 0.438459
-0.461229 0.805167 0.00474794 -0.372762
-0.33501 0.796419 -0.184551 -0.468429
0.432938 -0.56438 0.631047 -0.309549
-0.0517693 0.91827 -0.0309759 -0.391332
-0.205306 0.8974 0.0727447 -0.383706
0 0 0 0
-0.0336395 0.753503 0.631059 0.181291
-0.0586741 0.373048 -0.138842 0.915487
-0.138326 0.75114 -0.125598 0.633151
0 0 0 0
0.257345 0.0625581 0.955349 0.131025
0 0 0 0
0 0 0 0
0 0 0 0
0 0 0 0
