35884835
0 -0.180632 -0.0818321 2.14503 2
1 -0.19967 0.232659 2.22636 2
2 -0.220498 0.537962 2.29823 2
3 -0.202252 0.68202 2.34318 2
4 -0.350914 0.406675 2.22014 2
5 -0.414339 0.180579 2.12374 2
6 -0.223777 0.228542 1.99954 2
7 -0.207444 0.222432 2.01933 2
8 -0.0113405 0.423928 2.2418 2
9 0.163453 0.567974 2.10694 2
10 0.252207 0.739788 1.98583 2
11 0.25594 0.758113 1.98772 2
12 -0.246304 -0.0771734 2.08935 2
13 -0.267914 -0.510367 2.02057 2
14 -0.27186 -0.865411 1.83418 2
15 -0.196706 -0.887325 1.74138 2
16 -0.107919 -0.0835473 2.12016 2
17 -0.102923 -0.425685 2.05012 2
18 -0.105041 -0.866623 1.87526 2
19 -0.135208 -0.889984 1.73977 2
20 -0.214871 0.463738 2.28235 2
21 -0.166042 0.2649 1.95653 2
22 -0.180121 0.229765 2.05506 2
23 0.279999 0.825442 1.95994 2
24 0.298514 0.746386 1.94985 2
0
4
0.114192 -0.0147919 0.984991 0.128583
0.0790131 -0.0193654 0.988435 0.127974
0.0438828 -0.0325245 0.992813 0.106485
0 0 0 0
-0.218233 0.823054 -0.523614 0.0280122
-0.226781 0.917653 -0.0567273 -0.321348
0.16387 0.443296 0.759151 -0.447577
0.614477 0.534612 -0.0810661 -0.574488
-0.154187 0.769961 0.618086 0.0368108
0.878492 -0.27414 0.0384122 -0.389389
0.535475 0.008261 0.767954 -0.351349
0.578314 0.110765 0.808083 -0.0169195
-0.327081 0.668694 -0.6481 0.160728
-0.0768313 0.779319 0.0296704 -0.621191
-0.224077 0.901261 0.0843254 -0.361121
0 0 0 0
-0.19067 0.713933 0.672673 -0.0381671
-0.0683331 0.619037 -0.0744173 0.778836
-0.146796 0.775696 -0.11691 0.60256
0 0 0 0
0.0429252 -0.0269923 0.991515 0.119691
0 0 0 0
0 0 0 0
0 0 0 0
0 0 0 0
