33440658
0 -0.224248 -0.101713 2.09861 2
1 -0.239224 0.204943 2.20233 2
2 -0.249563 0.487332 2.29262 2
3 -0.252357 0.641716 2.39879 1
4 -0.355179 0.469072 2.37236 1
5 -0.373641 0.210624 2.17844 2
6 -0.406106 0.204567 2.10747 2
7 -0.439753 0.199844 2.04764 2
8 -0.0738605 0.393261 2.10824 2
9 -0.185675 0.567828 1.89182 2
10 -0.322618 0.700136 1.75606 2
11 -0.331663 0.722947 1.76224 2
12 -0.276119 -0.107808 2.0903 2
13 -0.260833 -0.528225 2.02161 2
14 -0.275705 -0.859931 1.81896 2
15 -0.191858 -0.89154 1.73534 2
16 -0.16651 -0.0886799 2.02737 2
17 -0.127703 -0.407367 1.98186 2
18 -0.110705 -0.865901 1.86308 2
19 -0.140638 -0.895159 1.73017 2
20 -0.247279 0.418276 2.27251 2
21 -0.487473 0.215016 1.99427 2
22 -0.471951 0.260313 2.05432 2
23 -0.367945 0.783851 1.73109 2
24 -0.383518 0.716111 1.7307 2
2
4
-0.259835 -0.0653248 0.951641 0.150327
-0.283038 -0.068983 0.944999 0.148684
-0.309459 -0.05936 0.94024 0.129072
0 0 0 0
-0.197959 -0.508912 0.789998 0.278789
0.183329 -0.471983 -0.25905 0.822506
0.672007 -0.616064 -0.0985501 0.398948
0.678847 -0.597269 -0.0696292 0.421413
-0.325855 0.719959 0.584587 -0.183672
0.863145 -0.444578 0.214998 0.105389
0.708297 -0.0642933 -0.530278 0.461505
-0.594339 -0.221683 0.772958 -0.0123874
-0.161257 0.743979 -0.645269 -0.0641748
0.024801 -0.4978 -0.0790314 0.863328
-0.265119 0.922806 0.0578546 -0.273484
0 0 0 0
-0.379136 0.612581 0.653156 -0.233214
-0.0911773 0.859872 0.0163597 0.502034
-0.110997 0.784588 -0.0629835 0.606741
0 0 0 0
-0.308802 -0.0667113 0.93771 0.144538
0 0 0 0
0 0 0 0
0 0 0 0
0 0 0 0
