36532577
0 -0.150178 -0.0855905 2.12118 2
1 -0.133758 0.22747 2.22105 2
2 -0.114016 0.527384 2.30604 2
3 -0.109226 0.669826 2.34103 2
4 -0.268238 0.414091 2.16973 2
5 -0.344715 0.514696 1.91809 2
6 -0.292509 0.660006 1.74525 2
7 -0.295977 0.678405 1.74095 2
8 0.0302432 0.389928 2.30202 2
9 0.0928087 0.145973 2.20407 2
10 -0.0635529 0.210299 2.04067 1
11 -0.105671 0.238024 2.04388 1
12 -0.208904 -0.0691717 2.0456 2
13 -0.242917 -0.504279 1.99815 2
14 -0.265925 -0.867333 1.83246 2
15 -0.195242 -0.890622 1.73249 2
16 -0.084329 -0.0952276 2.1113 2
17 -0.0887686 -0.424638 2.01951 2
18 -0.100048 -0.870494 1.8675 2
19 -0.123809 -0.893626 1.73478 2
20 -0.119266 0.454119 2.28698 2
21 -0.280351 0.718092 1.68451 2
22 -0.240671 0.692184 1.70744 2
23 -0.12798 0.309836 2.01027 2
24 -0.159065 0.21232 2.04654 2
4
0
0.247739 0.0629865 0.956233 0.142395
0.217993 0.0585445 0.96345 0.144278
0.185718 0.0580106 0.973778 0.117902
0 0 0 0
-0.294865 0.76423 -0.556561 0.138733
0.808094 -0.500025 -0.160068 0.267089
0.792434 -0.303596 0.430737 -0.307153
0.81836 -0.144873 0.556019 0.0118595
-0.0610022 0.815979 0.547592 0.174927
-0.218955 0.877991 0.0258954 0.424875
0.513237 0.0390171 -0.611047 0.601404
0.726726 0.296849 -0.496213 0.37084
0.38491 -0.597946 0.660589 -0.240681
-0.0664105 0.855828 -0.00546123 -0.512951
-0.205648 0.89118 0.0599858 -0.399886
0 0 0 0
-0.150374 0.753456 0.636999 0.0626395
-0.0627825 0.500568 -0.120204 0.855009
-0.118329 0.760473 -0.113507 0.628328
0 0 0 0
0.186331 0.0569369 0.971842 0.132522
0 0 0 0
0 0 0 0
0 0 0 0
0 0 0 0
