33566708
0 -0.204986 -0.0909499 2.13349 2
1 -0.190155 0.234246 2.20993 2
2 -0.170527 0.543996 2.27441 2
3 -0.168042 0.688157 2.32396 2
4 -0.360312 0.396395 2.24074 2
5 -0.611869 0.460871 2.17609 2
6 -0.695971 0.642214 2.06371 2
7 -0.704959 0.666249 2.05142 2
8 -0.0241068 0.412066 2.23303 2
9 0.0386263 0.143773 2.13827 2
10 0.0568063 -0.0389315 1.99187 2
11 0.0473467 -0.0699588 1.99223 2
12 -0.273435 -0.0915854 2.09879 2
13 -0.2828 -0.42306 2.04154 2
14 -0.275548 -0.855753 1.82733 2
15 -0.187799 -0.887987 1.74221 2
16 -0.129303 -0.0874615 2.08961 2
17 -0.115556 -0.405463 2.02974 2
18 -0.114249 -0.864009 1.87698 2
19 -0.139477 -0.893401 1.73961 2
20 -0.175643 0.46821 2.2607 2
21 -0.706005 0.721903 1.99864 2
22 -0.651691 0.672914 1.98891 2
23 0.0450119 -0.132629 1.94006 2
24 0.0972715 -0.0923659 2.01812 2
0
0
-0.0365517 0.0180803 0.992431 0.115839
-0.0286112 0.0190064 0.992691 0.115691
-0.0221613 0.0312956 0.995208 0.0899481
0 0 0 0
-0.100179 0.822763 -0.556467 -0.0580512
0.780009 -0.234995 0.109772 0.569485
0.413937 -0.287539 0.85091 -0.148085
0.421067 -0.246387 0.863192 -0.129983
-0.122111 0.818807 0.560241 0.0278373
-0.19887 0.797782 -0.00693964 0.569162
-0.134039 0.270092 -0.304998 0.90336
0.142783 0.285491 -0.0371131 0.946958
-0.227488 0.703056 -0.666415 0.099263
0.06835 -0.678132 -0.0530432 0.72983
-0.214705 0.927715 0.0765112 -0.295623
0 0 0 0
-0.263274 0.684923 0.671273 -0.104687
-0.082369 0.726964 -0.0478595 0.680035
-0.125133 0.76623 -0.0998634 0.622302
0 0 0 0
-0.0213927 0.0281392 0.993617 0.107123
0 0 0 0
0 0 0 0
0 0 0 0
0 0 0 0
