35317069
0 -0.193577 -0.0845867 2.11059 2
1 -0.155347 0.227022 2.21882 2
2 -0.121757 0.525549 2.30892 2
3 -0.131521 0.670293 2.34553 2
4 -0.321756 0.417234 2.19099 2
5 -0.525859 0.495714 2.0707 2
6 -0.618397 0.651938 1.93175 2
7 -0.629121 0.673259 1.91572 2
8 0.0189852 0.389306 2.2781 2
9 0.0840857 0.1838 2.18375 2
10 0.0375638 0.0313625 2.01284 2
11 -0.0197614 0.000775607 2.01538 2
12 -0.259103 -0.0768646 2.05949 2
13 -0.273669 -0.510803 2.01165 2
14 -0.272111 -0.865994 1.82566 2
15 -0.196418 -0.889724 1.73603 2
16 -0.124865 -0.0887139 2.07826 2
17 -0.124365 -0.412009 2.01234 2
18 -0.107413 -0.870349 1.87554 2
19 -0.131829 -0.891541 1.73479 2
20 -0.130102 0.452711 2.28892 2
21 -0.666559 0.731111 1.86975 2
22 -0.584445 0.696932 1.90825 2
23 -0.0359873 -0.0625101 1.98626 2
24 -0.0457669 0.0452722 1.98057 2
0
0
0.0690353 0.0699335 0.982047 0.161021
0.0862221 0.0727425 0.980687 0.159771
0.103277 0.069056 0.984164 0.12644
0 0 0 0
-0.247853 0.760047 -0.597702 0.0604043
0.809852 -0.319961 0.0369648 0.490304
0.833789 -0.393035 0.382668 0.0623238
0.847891 -0.354952 0.389695 0.0568097
-0.118642 0.825172 0.539144 0.119747
-0.246203 0.893224 0.0521669 0.372578
-0.41572 0.856074 0.0320491 -0.30543
-0.315493 0.653451 -0.406533 -0.555156
0.302755 -0.654245 0.674244 -0.160307
-0.0522315 0.750064 0.0236521 -0.658875
-0.222173 0.906147 0.0877272 -0.349058
0 0 0 0
-0.265359 0.725351 0.634389 -0.0316339
-0.0662581 0.650854 -0.0754443 0.752534
-0.123086 0.765317 -0.0776981 0.62698
0 0 0 0
0.104146 0.0692495 0.981808 0.142869
0 0 0 0
0 0 0 0
0 0 0 0
0 0 0 0
