36186153
0 -0.253836 -0.0818707 2.12633 2
1 -0.238945 0.235791 2.22477 2
2 -0.226723 0.538147 2.30942 2
3 -0.26453 0.664832 2.35905 2
4 -0.405136 0.383543 2.29966 1
5 -0.372953 0.139332 2.10535 2
6 -0.191869 0.0620273 1.96779 2
7 -0.146804 0.0226648 1.99545 1
8 -0.100505 0.4021 2.15755 2
9 -0.0964961 0.554138 1.92343 2
10 -0.13066 0.644468 1.80671 2
11 -0.157382 0.689054 1.7638 2
12 -0.313623 -0.0948973 2.12964 2
13 -0.281055 -0.525659 2.02564 1
14 -0.275399 -0.865547 1.82133 2
15 -0.19558 -0.88861 1.73583 2
16 -0.186246 -0.0659472 2.04261 2
17 -0.146396 -0.425006 1.99798 2
18 -0.111237 -0.868749 1.86637 2
19 -0.141456 -0.890933 1.73017 2
20 -0.22929 0.464389 2.29077 2
21 -0.096955 -0.0309855 1.97777 2
22 -0.188628 -0.0330509 1.96961 2
23 -0.17329 0.732982 1.69162 2
24 -0.188338 0.674518 1.80063 2
1
0
-0.306784 -0.0249113 0.939681 0.149209
-0.254808 -0.016694 0.955086 0.15035
-0.200189 -0.00827554 0.971795 0.124382
0 0 0 0
-0.0890974 0.822182 -0.532374 -0.180711
-0.31607 0.931668 0.104433 -0.14556
0.104558 0.54854 0.572837 -0.600023
0.398111 0.766331 0.207234 -0.459672
-0.333882 0.796862 0.478746 -0.156001
0.867821 -0.469876 0.138466 -0.0832455
0.84692 -0.368592 -0.284371 0.256905
0.875863 -0.27544 -0.252183 0.305614
-0.0784341 0.765987 -0.622543 -0.139833
0.0212476 -0.454956 -0.12174 0.881897
-0.250605 0.912005 0.0932853 -0.311033
0 0 0 0
-0.400001 0.61699 0.642803 -0.21477
-0.0798879 0.884795 0.0204564 0.458626
-0.137019 0.784364 -0.0569304 0.602293
0 0 0 0
-0.199929 -0.00821483 0.969543 0.141234
0 0 0 0
0 0 0 0
0 0 0 0
0 0 0 0
