33789442
0 -0.204335 -0.0873244 2.12553 2
1 -0.213918 0.231003 2.22092 2
2 -0.223681 0.536079 2.30284 2
3 -0.23245 0.678923 2.35311 2
4 -0.377969 0.391351 2.24391 2
5 -0.415373 0.151377 2.15112 2
6 -0.340496 0.242409 2.05381 2
7 -0.302668 0.273606 2.03092 2
8 -0.0100718 0.41926 2.21635 2
9 0.177266 0.539723 2.05447 2
10 0.269333 0.69751 1.91569 2
11 0.28394 0.699898 1.91775 2
12 -0.270333 -0.0866205 2.08646 2
13 -0.275089 -0.517548 2.01981 2
14 -0.27456 -0.864546 1.82704 2
15 -0.199342 -0.889261 1.74078 2
16 -0.13139 -0.0848155 2.08553 2
17 -0.115792 -0.423106 2.02202 2
18 -0.107666 -0.86622 1.87638 2
19 -0.12684 -0.891549 1.74478 2
20 -0.22135 0.46146 2.28476 2
21 -0.30378 0.316089 1.97479 2
22 -0.268218 0.298055 2.069 2
23 0.334997 0.752139 1.8661 2
24 0.329126 0.672086 1.90146 2
4
4
-0.00294595 -0.0150003 0.989317 0.144973
-0.0164298 -0.0169749 0.989185 0.144755
-0.0301186 -0.0188689 0.992377 0.117999
0 0 0 0
-0.169772 0.834432 -0.521965 -0.0495285
-0.193465 0.835583 0.0327214 -0.51313
0.855081 -0.261934 0.258116 -0.365518
0.863662 -0.140512 0.205775 -0.43818
-0.196378 0.770286 0.606708 -9.06725e-05
0.845276 -0.314819 0.0652756 -0.426774
0.85794 -0.229413 0.328371 -0.321685
0.713638 0.308727 0.265747 -0.569901
-0.277193 0.697583 -0.654028 0.093753
0.0578921 -0.702553 -0.0505357 0.70747
-0.23536 0.909238 0.0867288 -0.332219
0 0 0 0
-0.26122 0.690575 0.668458 -0.0896381
-0.0816162 0.704897 -0.0492719 0.702874
-0.126509 0.75459 -0.0952201 0.636806
0 0 0 0
-0.0302675 -0.0197832 0.990305 0.134118
0 0 0 0
0 0 0 0
0 0 0 0
0 0 0 0
