42732577
0 -0.154668 -0.0666633 2.07074 2
1 -0.121759 0.248406 2.16034 2
2 -0.0848963 0.550082 2.23579 2
3 -0.0709391 0.689316 2.27699 2
4 -0.292994 0.477918 2.14702 2
5 -0.465123 0.612115 2.00247 2
6 -0.542276 0.783778 1.87736 2
7 -0.547159 0.824102 1.8696 2
8 0.0530959 0.400604 2.20987 2
9 0.0837555 0.181486 2.12889 2
10 -0.0763715 0.242476 1.94824 2
11 -0.111317 0.25377 1.94909 1
12 -0.218535 -0.052863 2.00895 2
13 -0.238493 -0.489389 1.95191 2
14 -0.241365 -0.820133 1.79443 2
15 -0.19732 -0.883823 1.68915 2
16 -0.0837279 -0.0743797 2.04614 2
17 -0.104478 -0.508901 1.96097 2
18 -0.0803284 -0.838518 1.80299 2
19 -0.112906 -0.876599 1.68251 2
20 -0.0943289 0.476479 2.21922 2
21 -0.561887 0.878404 1.83805 2
22 -0.569108 0.815665 1.87612 2
23 -0.138481 0.260427 1.91749 2
24 -0.146848 0.224773 1.98207 2
4
0
0.140427 0.069544 0.979184 0.129008
0.117713 0.0665378 0.982173 0.130584
0.0918364 0.0724355 0.987714 0.10363
0 0 0 0
-0.201798 0.703421 -0.680206 0.042392
0.867166 -0.287925 -0.0658435 0.400982
0.892073 -0.224431 -0.289829 0.264265
0.950491 -0.0729703 -0.290037 0.084385
-0.098951 0.846543 0.511626 0.108686
-0.186342 0.885098 -0.0162087 0.426164
0.710027 -0.236101 -0.344 0.567259
0.79378 0.125908 -0.153733 0.574828
0.327958 -0.617097 0.684963 -0.20606
-0.0654719 0.796751 0.0209156 -0.600386
-0.195959 0.858964 0.100874 -0.462174
0 0 0 0
-0.207353 0.742236 0.637094 -0.0142063
-0.0390199 0.596251 -0.0913865 0.796624
-0.202043 0.80634 -0.0962995 0.547468
0 0 0 0
0.0930397 0.0699133 0.986014 0.119302
0 0 0 0
0 0 0 0
0 0 0 0
0 0 0 0
