36891719
0 -0.129691 -0.0969554 2.1395 2
1 -0.105532 0.206177 2.25114 2
2 -0.0778096 0.498591 2.34775 2
3 -0.0567116 0.644526 2.38395 2
4 -0.253161 0.399726 2.243 2
5 -0.395278 0.524989 2.03675 2
6 -0.407273 0.691205 1.8778 2
7 -0.408412 0.697158 1.88912 2
8 0.0616208 0.366148 2.30935 2
9 0.10369 0.134184 2.21113 2
10 -0.0631971 0.101532 2.05204 1
11 -0.119564 0.0811343 2.05493 1
12 -0.194405 -0.082088 2.08086 2
13 -0.208976 -0.508199 1.9419 2
14 -0.232616 -0.851172 1.81961 2
15 -0.177068 -0.887278 1.69435 2
16 -0.0594612 -0.10554 2.11381 2
17 -0.0626636 -0.423514 2.01962 2
18 -0.141636 -0.876874 1.8388 2
19 -0.137276 -0.887125 1.70224 2
20 -0.0843722 0.427121 2.32585 2
21 -0.416657 0.748077 1.83004 2
22 -0.442059 0.693427 1.85627 2
23 -0.162042 0.0491028 2.02996 2
24 -0.0694174 0.0252325 2.00744 2
4
0
0.131106 0.0609058 0.975037 0.168538
0.113495 0.0578555 0.977243 0.169609
0.0935101 0.0580371 0.983609 0.14283
0 0 0 0
-0.253909 0.755108 -0.602861 0.0436003
0.845416 -0.397095 -0.0944282 0.344486
0.254878 -0.129159 0.892141 -0.349913
0.832682 0.489683 0.196073 0.168543
-0.139825 0.823287 0.537397 0.117695
-0.213655 0.921956 0.0145524 0.322703
-0.0911363 -0.468783 0.649298 -0.591903
0.329364 0.693783 -0.470717 0.434292
0.346256 -0.62238 0.681194 -0.16948
-0.134949 0.786722 0.0817213 -0.596808
-0.163329 0.848807 0.0579502 -0.499492
0 0 0 0
-0.231961 0.746329 0.623837 0.00395341
-0.0827198 0.597375 -0.117338 0.789007
-0.0665791 0.663429 -0.192628 0.719947
0 0 0 0
0.0937241 0.0610065 0.98129 0.156727
0 0 0 0
0 0 0 0
0 0 0 0
0 0 0 0
