43916986
0 -0.166322 -0.151942 2.10011 2
1 -0.156192 0.177182 2.18863 2
2 -0.146208 0.493144 2.26262 2
3 -0.162311 0.650402 2.33013 2
4 -0.296615 0.324416 2.06622 2
5 -0.217471 0.449672 1.86327 2
6 -0.0548005 0.601664 1.84326 2
7 -0.0428564 0.619783 1.87008 2
8 -0.118363 0.454478 2.29392 2
9 -0.0303442 0.163585 2.22885 1
10 -0.252943 0.185739 2.09942 1
11 -0.280155 0.183923 2.02032 1
12 -0.214439 -0.144781 2.02083 2
13 -0.284081 -0.513868 1.98116 2
14 -0.272379 -0.853996 1.89541 2
15 -0.208994 -0.883395 1.75488 2
16 -0.112724 -0.153519 2.09882 2
17 -0.0882474 -0.523188 2.02802 2
18 -0.0662975 -0.841182 1.84719 2
19 -0.0635811 -0.878084 1.73287 2
20 -0.148733 0.415819 2.24658 2
21 -0.0131654 0.703426 1.86026 2
22 -0.0648367 0.622897 1.8408 2
23 -0.26454 0.158234 1.94605 2
24 -0.200856 0.173868 1.95986 2
4
1
0.315249 0.0558507 0.939813 0.119377
0.333563 0.0581739 0.93347 0.118263
0.355492 0.0514649 0.928956 0.089536
0 0 0 0
-0.299367 0.783128 -0.477432 0.26296
0.770858 -0.498246 -0.393714 0.0501862
-0.419884 0.375282 0.814669 0.138473
-0.187511 0.0980384 0.852899 0.477274
0.303312 0.37049 0.831403 0.281971
-0.143043 0.942923 0.107568 0.280828
0.253269 -0.665703 0.691891 -0.11824
-0.483635 0.635318 -0.505221 0.327443
0.392209 -0.608298 0.620211 -0.302463
-0.0891769 0.885816 -0.0586159 -0.4516
-0.0952403 0.839744 0.0798014 -0.528575
0 0 0 0
-0.0997761 0.712305 0.689452 0.0855662
-0.0708184 0.438244 -0.0703151 0.893299
-0.203718 0.688805 -0.156984 0.677793
0 0 0 0
0.355274 0.0567889 0.927056 0.10546
0 0 0 0
0 0 0 0
0 0 0 0
0 0 0 0
