57037568
0 -0.274402 -0.101806 2.16426 2
1 -0.217886 0.290327 2.25653 2
2 -0.163985 0.67153 2.33681 2
3 -0.223918 0.772802 2.38536 2
4 -0.364251 0.44842 2.34352 2
5 -0.433452 0.169996 2.25644 2
6 -0.394049 0.00645582 2.10905 2
7 -0.358683 -0.0463783 2.07109 2
8 -0.145369 0.463655 2.17952 2
9 -0.231057 0.580266 1.93993 2
10 -0.367151 0.706555 1.72328 2
11 -0.397824 0.730041 1.67545 1
12 -0.321803 -0.107802 2.13692 2
13 -0.268162 -0.638937 2.06744 2
14 -0.274458 -0.868139 1.88597 2
15 -0.205087 -0.878451 1.73311 2
16 -0.216089 -0.0918463 2.10697 2
17 -0.164934 -0.631481 2.05228 2
18 -0.106452 -0.876703 1.90825 2
19 -0.157909 -0.873084 1.72872 2
20 -0.177751 0.579305 2.31965 2
21 -0.333437 -0.122359 2.02691 2
22 -0.30256 0.0218444 2.02797 2
23 -0.422797 0.73574 1.59961 2
24 -0.425161 0.781805 1.6494 2
0
0
-0.157656 0.0510009 0.978332 0.124141
-0.207369 0.0446002 0.969013 0.126581
-0.270697 0.0454929 0.955551 0.107587
0 0 0 0
-0.061779 0.85632 -0.458829 -0.228857
-0.183471 0.892054 -0.0449274 -0.410561
-0.362936 0.855995 -0.0516498 0.364531
-0.365038 0.819901 0.100005 0.429546
-0.378618 0.867823 0.208143 -0.245372
0.811633 -0.538534 0.222625 0.0408758
0.845345 -0.472014 0.0818792 0.236411
0.827113 -0.495537 0.08285 0.251919
-0.219612 0.731497 -0.630322 0.139199
-0.0496261 -0.00555734 -0.0650248 0.996633
-0.292659 0.825282 0.149781 -0.459158
0 0 0 0
-0.371422 0.641121 0.650008 -0.168818
-0.0683396 0.808674 0.00868421 0.584209
-0.271885 0.788235 -0.0614657 0.548621
0 0 0 0
-0.269352 0.0362864 0.954724 0.120971
0 0 0 0
0 0 0 0
0 0 0 0
0 0 0 0
