56784177
0 -0.224236 -0.103238 2.19478 2
1 -0.16752 0.272831 2.29389 2
2 -0.10882 0.633214 2.37864 2
3 -0.113108 0.749425 2.4401 2
4 -0.30998 0.425747 2.33023 2
5 -0.336475 0.181922 2.1564 2
6 -0.301967 0.0792024 2.02558 1
7 -0.279541 0.0277145 1.98826 2
8 -0.0669696 0.441563 2.23099 2
9 -0.215967 0.601963 2.02792 2
10 -0.353919 0.773635 1.9561 2
11 -0.388832 0.830841 1.93627 2
12 -0.276427 -0.109716 2.16113 2
13 -0.24957 -0.593026 2.09303 2
14 -0.255187 -0.879328 1.91656 2
15 -0.165522 -0.880147 1.73283 2
16 -0.16417 -0.0929501 2.14571 2
17 -0.138211 -0.593072 2.08125 2
18 -0.0926357 -0.870699 1.89587 2
19 -0.130068 -0.874323 1.73611 2
20 -0.123291 0.545276 2.35984 2
21 -0.28834 0.00772177 1.93414 2
22 -0.323396 0.0446372 1.93534 2
23 -0.418027 0.891409 1.90846 2
24 -0.372416 0.849515 1.94006 2
0
0
-0.0935722 0.0605585 0.98472 0.133808
-0.133621 0.0550556 0.980089 0.136164
-0.1844 0.0593743 0.97403 0.117203
0 0 0 0
-0.154745 0.863408 -0.456972 -0.147501
-0.297969 0.876957 0.0752786 -0.369451
-0.367738 0.844802 0.249842 -0.297755
-0.229953 0.897911 0.255595 -0.274863
-0.372659 0.877299 0.253668 -0.164698
0.662993 -0.479514 0.573602 -0.0385602
0.862702 -0.275163 0.355381 0.231808
0.882052 -0.237181 0.362252 0.18575
-0.239261 0.727008 -0.6252 0.152774
0.0234032 -0.636754 -0.0713472 0.767403
-0.240548 0.833449 0.128681 -0.480563
0 0 0 0
-0.352299 0.64617 0.664553 -0.1293
-0.0660165 0.77762 -0.019997 0.624939
-0.27503 0.774357 -0.111165 0.558903
0 0 0 0
-0.183302 0.0556233 0.972845 0.129916
0 0 0 0
0 0 0 0
0 0 0 0
0 0 0 0
