53302204
0 -0.165006 -0.0668961 2.14729 2
1 -0.183626 0.263051 2.23283 2
2 -0.199143 0.577781 2.30502 2
3 -0.170671 0.709896 2.35338 2
4 -0.332798 0.435216 2.22437 2
5 -0.336107 0.197271 2.09881 2
6 -0.306172 -0.0280378 2.00459 1
7 -0.304924 -0.0871433 1.99486 1
8 -0.0325231 0.428647 2.22199 2
9 0.122074 0.460237 2.05194 2
10 0.236363 0.605209 1.8987 2
11 0.284169 0.660418 1.84481 2
12 -0.224121 -0.0678114 2.10351 2
13 -0.236382 -0.54787 2.05585 2
14 -0.242659 -0.8667 1.93421 2
15 -0.16407 -0.882885 1.74749 2
16 -0.0995978 -0.063408 2.10827 2
17 -0.125386 -0.533846 2.0813 2
18 -0.0918549 -0.875939 1.89773 2
19 -0.117227 -0.884179 1.74064 2
20 -0.195496 0.500977 2.28899 2
21 -0.299873 -0.167917 1.97319 2
22 -0.348045 -0.0814041 2.00909 2
23 0.334065 0.707959 1.78121 2
24 0.282833 0.692215 1.83546 2
0
0
0.0173668 -0.0252868 0.991452 0.126817
0.0146597 -0.025633 0.991495 0.126748
0.011883 -0.0221173 0.994371 0.102935
0 0 0 0
-0.223351 0.835772 -0.501297 0.0173184
-0.22845 0.929811 -0.0750674 0.278616
0.0342139 -0.447677 -0.2024 0.870316
0.0276806 -0.452481 -0.0773366 0.887983
-0.210412 0.830583 0.515611 -0.00211446
0.710942 -0.311886 0.250295 -0.578481
0.879305 -0.400602 -0.170159 -0.193357
0.877507 -0.38446 -0.184732 -0.219193
-0.298217 0.697424 -0.636275 0.140786
-0.0444031 0.718428 0.0251947 -0.693725
-0.158012 0.830316 0.0892006 -0.526926
0 0 0 0
-0.257934 0.680407 0.675532 -0.119046
-0.000306516 0.696151 -0.0395645 0.716804
-0.217117 0.754418 -0.11798 0.608107
0 0 0 0
0.0116844 -0.0230578 0.992937 0.115796
0 0 0 0
0 0 0 0
0 0 0 0
0 0 0 0
