53873676
0 -0.175481 -0.076856 2.15427 2
1 -0.173086 0.258644 2.24811 2
2 -0.165479 0.580158 2.32688 2
3 -0.16224 0.70425 2.38123 2
4 -0.322245 0.422244 2.22487 2
5 -0.410773 0.347321 2.04059 1
6 -0.520871 0.548424 1.88285 2
7 -0.589875 0.647874 1.7908 2
8 -0.0344219 0.433329 2.25191 2
9 0.0314447 0.16218 2.22832 2
10 0.0674967 -0.0663473 2.06864 2
11 0.0660672 -0.130513 2.01726 2
12 -0.23131 -0.0722906 2.10522 2
13 -0.242489 -0.457277 2.07885 2
14 -0.286666 -0.86165 1.87638 2
15 -0.188066 -0.881556 1.74575 2
16 -0.11182 -0.0782658 2.12071 2
17 -0.113784 -0.45545 2.08134 2
18 -0.0975766 -0.866386 1.92453 2
19 -0.142918 -0.876926 1.73994 2
20 -0.16791 0.501655 2.3094 2
21 -0.639996 0.688538 1.74057 2
22 -0.560464 0.680094 1.79518 2
23 0.0469949 -0.19426 1.98484 2
24 0.0993297 -0.1394 2.01468 2
2
0
0.0675364 0.0127287 0.988406 0.135388
0.0457263 0.00974039 0.989655 0.135635
0.0203877 0.0174393 0.993684 0.108958
0 0 0 0
-0.244559 0.839575 -0.484271 0.0280573
0.465404 -0.39368 -0.333701 0.719068
0.875671 -0.358734 0.30744 0.0999501
0.856079 -0.397474 0.306785 0.122585
-0.217744 0.84417 0.489763 0.00985791
-0.109659 0.750339 0.0618964 0.648949
-0.225107 0.541683 -0.207001 0.78298
-0.188652 0.558598 -0.272366 0.760392
-0.324577 0.662222 -0.652156 0.175512
-0.0352612 0.751727 0.0116241 -0.658429
-0.230141 0.89164 0.0454291 -0.387232
0 0 0 0
-0.2508 0.708957 0.653687 -0.0846885
-0.0322559 0.657272 -0.040838 0.751855
-0.155562 0.782813 -0.0947202 0.595007
0 0 0 0
0.0209599 0.0130039 0.992108 0.122935
0 0 0 0
0 0 0 0
0 0 0 0
0 0 0 0
