49849936
0 -0.178162 -0.108408 2.20406 2
1 -0.186778 0.234516 2.28954 2
2 -0.195725 0.56351 2.36337 2
3 -0.177457 0.697529 2.41016 2
4 -0.336976 0.428342 2.28279 2
5 -0.409833 0.206106 2.27155 2
6 -0.214144 0.276751 2.08936 2
7 -0.180115 0.295855 2.08618 1
8 -0.0381706 0.417776 2.28579 2
9 0.101445 0.471126 2.1214 2
10 0.134016 0.668429 1.96123 2
11 0.149535 0.727249 1.92479 2
12 -0.23929 -0.102085 2.16885 2
13 -0.267678 -0.426809 2.07301 2
14 -0.282098 -0.861833 1.89316 2
15 -0.187394 -0.880749 1.74809 2
16 -0.109607 -0.110693 2.16179 2
17 -0.143569 -0.556383 2.10331 2
18 -0.100654 -0.84503 1.90973 2
19 -0.145693 -0.87486 1.75186 2
20 -0.193437 0.483022 2.34729 2
21 -0.131468 0.343873 2.11354 2
22 -0.131174 0.263198 2.102 2
23 0.194372 0.775362 1.87292 2
24 0.1603 0.686396 1.89582 2
0
4
-0.0167692 -0.0143336 0.992336 0.121586
-0.00152201 -0.012464 0.992476 0.121792
0.0152766 -0.0124889 0.994929 0.0986261
0 0 0 0
-0.221981 0.814582 -0.535362 0.0238301
-0.086891 0.900132 -0.133711 -0.405381
-0.472521 -0.110503 -0.635966 0.600051
0.644517 0.299633 0.573196 -0.407755
-0.20716 0.825801 0.524534 -0.000824288
0.771619 -0.380784 0.157057 -0.484707
0.380534 -0.0726064 0.860369 -0.331191
0.403517 -0.00961938 0.867125 -0.29185
0.268967 -0.667273 0.687241 -0.100521
0.128908 -0.681506 -0.0742327 0.716535
-0.181216 0.8778 0.0728579 -0.4374
0 0 0 0
-0.256164 0.705955 0.648232 -0.125709
-0.0266965 0.774192 -0.070327 0.628465
-0.278476 0.805141 -0.101568 0.513696
0 0 0 0
0.0149928 -0.0114139 0.993294 0.114073
0 0 0 0
0 0 0 0
0 0 0 0
0 0 0 0
