53983364
0 -0.3024 -0.105981 2.16688 2
1 -0.273715 0.257639 2.27569 2
2 -0.247661 0.607931 2.36139 2
3 -0.249325 0.723119 2.42918 2
4 -0.40701 0.423682 2.30805 1
5 -0.476275 0.145083 2.24196 2
6 -0.405237 0.344685 2.23885 1
7 -0.364233 0.376767 2.21031 2
8 -0.190239 0.430121 2.2177 2
9 -0.404807 0.524714 2.03508 2
10 -0.594245 0.645073 1.89404 2
11 -0.651607 0.667177 1.85221 2
12 -0.355467 -0.111823 2.13288 2
13 -0.276864 -0.552792 2.06856 2
14 -0.25214 -0.877268 1.9231 2
15 -0.189096 -0.875144 1.72666 2
16 -0.237285 -0.0948069 2.11883 2
17 -0.21006 -0.509982 2.00554 2
18 -0.107068 -0.873905 1.90738 2
19 -0.1428 -0.875933 1.73356 2
20 -0.254204 0.521845 2.34267 2
21 -0.345904 0.41777 2.16745 2
22 -0.362664 0.41048 2.16823 2
23 -0.698735 0.704273 1.79821 2
24 -0.603671 0.678775 1.85796 2
1
0
-0.0816671 0.026038 0.985383 0.147218
-0.119818 0.0203094 0.981475 0.148117
-0.167569 0.018753 0.979368 0.111386
0 0 0 0
-0.173559 0.865886 -0.45212 -0.125322
-0.160291 0.827345 -0.038057 -0.536991
0.906653 -0.0734763 -0.385988 -0.153606
0.805722 -0.407416 -0.347814 -0.252685
-0.377265 0.86487 0.29015 -0.159639
0.4174 -0.575895 0.696354 -0.0959889
0.697455 -0.496287 0.490493 0.163315
-0.655905 0.562377 -0.467359 -0.187342
-0.259296 0.727787 -0.62178 0.128383
-0.0199071 -0.646018 -0.111178 0.75492
-0.148761 0.793374 0.150724 -0.57071
0 0 0 0
-0.332681 0.646506 0.676546 -0.116783
-0.121274 0.750716 -0.0623702 0.646396
-0.183376 0.772406 0.0263934 0.607508
0 0 0 0
-0.16676 0.0147061 0.977559 0.127878
0 0 0 0
0 0 0 0
0 0 0 0
0 0 0 0
