50767141
0 -0.0845676 -0.0734762 2.19166 2
1 -0.116749 0.255062 2.27303 2
2 -0.149124 0.570651 2.34207 2
3 -0.120983 0.680559 2.4067 2
4 -0.246747 0.41995 2.22734 2
5 -0.345216 0.194892 2.22118 2
6 -0.220437 0.0588348 2.03484 2
7 -0.172331 0.00224354 2.04603 1
8 0.0452878 0.431317 2.36788 2
9 0.236047 0.530098 2.36166 2
10 0.450482 0.693547 2.33479 2
11 0.521262 0.732302 2.33058 2
12 -0.141911 -0.0683131 2.13259 2
13 -0.186262 -0.507299 1.98813 2
14 -0.24594 -0.859152 1.91338 2
15 -0.152172 -0.879699 1.73429 2
16 -0.0240569 -0.0756358 2.16827 2
17 -0.0344979 -0.428756 2.11595 1
18 -0.082999 -0.860351 1.92512 2
19 -0.10306 -0.876533 1.73495 2
20 -0.140975 0.493727 2.32709 2
21 -0.148946 -0.0475468 2.01093 2
22 -0.232537 -0.0524407 2.01031 2
23 0.583443 0.779781 2.33086 2
24 0.536044 0.678279 2.304 2
0
0
0.153849 -0.0284267 0.979534 0.12663
0.18108 -0.0248876 0.974868 0.127373
0.212094 -0.0304232 0.971166 0.104527
0 0 0 0
-0.281839 0.837319 -0.440801 0.158615
-0.0937214 0.896806 -0.182445 -0.392007
-0.0555523 0.563725 0.487408 -0.664501
0.274278 0.735109 0.219235 -0.579933
-0.0171617 0.785498 0.586663 0.196278
0.839462 -0.113037 -0.158508 -0.507348
0.658138 0.258918 0.607013 -0.362424
0.638156 0.318938 0.576681 -0.398087
-0.361424 0.657683 -0.632984 0.19015
-0.155229 0.78882 0.0559567 -0.592061
-0.130868 0.857578 -0.0195766 -0.497041
0 0 0 0
-0.193881 0.716105 0.667664 -0.0618819
-0.0315698 0.589109 -0.0679301 0.804574
-0.116191 0.719636 -0.177771 0.661075
0 0 0 0
0.210981 -0.0249564 0.96993 0.118742
0 0 0 0
0 0 0 0
0 0 0 0
0 0 0 0
