53759552
0 -0.153344 -0.0732218 2.17943 2
1 -0.169956 0.256536 2.26993 2
2 -0.184067 0.573596 2.34174 2
3 -0.161717 0.702478 2.38955 2
4 -0.323018 0.42703 2.25893 2
5 -0.309943 0.191347 2.12708 2
6 -0.265241 -0.0661488 2.00505 2
7 -0.26367 -0.124955 1.99411 1
8 -0.0209916 0.414545 2.26752 2
9 0.10829 0.451326 2.08116 2
10 0.176885 0.643782 1.93474 2
11 0.198744 0.707631 1.8943 2
12 -0.213013 -0.0747121 2.13416 2
13 -0.225012 -0.554135 2.05401 2
14 -0.239369 -0.871763 1.93111 2
15 -0.155275 -0.883067 1.74656 2
16 -0.0878334 -0.0689717 2.14181 2
17 -0.127477 -0.559256 2.08461 2
18 -0.0814034 -0.83426 1.88296 2
19 -0.115509 -0.888668 1.74827 2
20 -0.180432 0.496177 2.32598 2
21 -0.254355 -0.205491 1.96754 2
22 -0.307631 -0.146274 2.00108 2
23 0.243631 0.761716 1.84053 2
24 0.184964 0.729963 1.90365 2
0
0
0.0263782 -0.0209276 0.990408 0.134008
0.0256716 -0.0210232 0.990427 0.133993
0.0255165 -0.0205287 0.994376 0.100721
0 0 0 0
-0.219048 0.836898 -0.50109 0.0229845
-0.248931 0.928516 -0.0467452 0.27149
0.0443563 -0.503374 -0.227299 0.832456
0.0357611 -0.510397 -0.0856171 0.854919
-0.192795 0.846379 0.496196 0.0162008
0.701334 -0.34632 0.29693 -0.547747
0.925342 -0.330474 -0.162989 -0.0892441
0.93633 -0.291818 -0.170465 -0.0952374
-0.30318 0.69971 -0.63098 0.142663
-0.0684545 0.721848 0.0480536 -0.686979
-0.167579 0.837947 0.0775734 -0.513561
0 0 0 0
-0.258222 0.678407 0.67927 -0.108065
-0.0580644 0.997507 -0.0398922 -0.00404672
-0.303501 0.824857 -0.0911057 0.468185
0 0 0 0
0.0250548 -0.0185122 0.99287 0.115059
0 0 0 0
0 0 0 0
0 0 0 0
0 0 0 0
