52080784
0 -0.166311 -0.0612947 2.18567 2
1 -0.193035 0.262001 2.26404 2
2 -0.218645 0.571657 2.328 2
3 -0.199631 0.699666 2.38707 2
4 -0.353576 0.433841 2.24188 2
5 -0.387269 0.204973 2.15102 2
6 -0.210194 0.276746 1.99767 2
7 -0.202454 0.28343 2.00861 2
8 -0.0418419 0.442006 2.32201 2
9 0.157363 0.507169 2.33509 2
10 0.341491 0.606057 2.30389 2
11 0.423475 0.643856 2.31274 2
12 -0.22215 -0.0582986 2.13154 2
13 -0.232 -0.531232 2.05219 2
14 -0.242524 -0.858236 1.94061 2
15 -0.16492 -0.878871 1.75428 2
16 -0.104238 -0.0619603 2.15693 2
17 -0.140991 -0.549115 2.08177 2
18 -0.0772134 -0.826042 1.88503 2
19 -0.117807 -0.877139 1.74302 2
20 -0.212504 0.496004 2.31451 2
21 -0.154424 0.310918 1.98276 2
22 -0.158931 0.25359 2.0683 2
23 0.497589 0.667492 2.29242 2
24 0.398047 0.658579 2.29184 2
0
0
0.110412 -0.0269349 0.985989 0.122103
0.114684 -0.0264055 0.985501 0.122218
0.120572 -0.0290734 0.987995 0.0921076
0 0 0 0
-0.213755 0.822987 -0.521458 0.0712928
-0.198741 0.903278 0.00860043 -0.380155
0.790152 -0.29936 0.148778 -0.51372
0.832795 0.359027 -0.172189 -0.384583
-0.0649748 0.797103 0.587436 0.12379
0.725307 -0.225607 -0.359275 -0.542174
0.654267 -0.394105 -0.553093 -0.33272
0.598258 -0.336474 -0.591979 -0.422414
-0.344615 0.668026 -0.632843 0.185722
-0.0711744 0.777001 0.0439367 -0.623918
-0.146257 0.831698 0.0749607 -0.530347
0 0 0 0
-0.214358 0.705087 0.670213 -0.0878524
-0.0346679 0.764914 -0.0775429 0.638507
-0.30978 0.832662 -0.0585773 0.455278
0 0 0 0
0.11981 -0.0277439 0.986305 0.109898
0 0 0 0
0 0 0 0
0 0 0 0
0 0 0 0
