50030730
0 -0.291767 -0.109167 2.16769 2
1 -0.289569 0.234821 2.26456 2
2 -0.286419 0.565438 2.3476 2
3 -0.298942 0.69302 2.39149 2
4 -0.440226 0.418234 2.29789 2
5 -0.458827 0.197492 2.19884 2
6 -0.424267 -0.0492455 2.08365 2
7 -0.397094 -0.164197 2.05164 1
8 -0.166954 0.389639 2.21625 2
9 -0.115775 0.493996 1.99621 2
10 -0.15008 0.623276 1.7564 2
11 -0.16951 0.663985 1.69568 2
12 -0.352196 -0.108723 2.14355 2
13 -0.340252 -0.438007 2.09256 2
14 -0.276833 -0.859025 1.88583 2
15 -0.216358 -0.874377 1.72453 2
16 -0.222328 -0.10403 2.10897 2
17 -0.160137 -0.52791 1.99176 2
18 -0.107501 -0.861419 1.91072 2
19 -0.149295 -0.873554 1.73626 2
20 -0.287677 0.485129 2.32942 2
21 -0.382221 -0.243466 2.03316 2
22 -0.355268 -0.152029 2.01082 2
23 -0.193413 0.684472 1.60121 2
24 -0.158396 0.711232 1.66021 2
0
0
-0.128807 -0.0147104 0.982183 0.136049
-0.116463 -0.0130008 0.983723 0.136223
-0.103464 -0.00392087 0.988383 0.111262
0 0 0 0
-0.160951 0.831429 -0.526117 -0.0775926
-0.210411 0.976167 -0.0297724 -0.0440309
-0.22148 0.871319 -0.038622 0.436186
-0.169812 0.873946 0.0388671 0.453732
-0.298412 0.86038 0.401299 -0.09826
0.842362 -0.523284 0.0102286 -0.128432
0.831553 -0.511569 0.209575 -0.0538099
0.841117 -0.480384 0.24826 0.0109174
-0.221108 0.703282 -0.674183 0.0445305
0.0326436 -0.609158 -0.0716889 0.789127
-0.146411 0.80188 0.183846 -0.549321
0 0 0 0
-0.321885 0.666672 0.651603 -0.165383
-0.148777 0.778713 -0.0264316 0.608911
-0.14015 0.78782 -0.0104678 0.599657
0 0 0 0
-0.102886 -0.00944533 0.986619 0.126132
0 0 0 0
0 0 0 0
0 0 0 0
0 0 0 0
