56465921
0 -0.279758 -0.085488 2.1482 2
1 -0.254908 0.300938 2.25707 2
2 -0.229965 0.671657 2.35176 2
3 -0.26299 0.778195 2.44136 2
4 -0.346956 0.478531 2.30355 1
5 -0.415961 0.194961 2.27715 1
6 -0.46978 -0.0876064 2.27173 2
7 -0.497729 -0.16973 2.26932 2
8 -0.186804 0.483599 2.15963 2
9 -0.427724 0.594099 2.03285 2
10 -0.6765 0.660763 1.9001 2
11 -0.738297 0.674094 1.87191 2
12 -0.319519 -0.0909881 2.1223 2
13 -0.279259 -0.533159 2.07842 2
14 -0.263587 -0.873501 1.95617 2
15 -0.199542 -0.875712 1.7604 2
16 -0.229532 -0.0761115 2.09166 2
17 -0.180867 -0.511864 2.0479 2
18 -0.101234 -0.87734 1.90353 2
19 -0.148773 -0.873633 1.73294 2
20 -0.236314 0.580946 2.33049 2
21 -0.498349 -0.207698 2.27557 2
22 -0.464729 -0.146863 2.203 2
23 -0.800184 0.711491 1.83187 2
24 -0.775686 0.650007 1.86722 2
1
0
-0.180079 0.00581977 0.973611 0.140071
-0.201052 0.00279506 0.969497 0.140164
-0.229227 0.00682648 0.965983 0.119518
0 0 0 0
-0.175873 0.89373 -0.367036 -0.188679
0.0148525 0.878618 -0.126225 0.460302
0.0237788 0.933489 -0.0913861 0.345951
0.0439919 0.924038 -0.157819 0.345415
-0.43923 0.833368 0.25894 -0.213364
0.801487 -0.123986 -0.21369 0.544594
0.612803 0.113354 -0.489398 0.610011
0.613729 0.141283 -0.468651 0.619469
-0.256344 0.7344 -0.613776 0.134995
-0.00910117 -0.568205 -0.0662673 0.820164
-0.126642 0.801009 0.117644 -0.573155
0 0 0 0
-0.382709 0.630928 0.644248 -0.201018
-0.0724724 0.819609 0.0171447 0.568063
-0.208656 0.790157 -0.0263432 0.575691
0 0 0 0
-0.228502 0.00203572 0.964595 0.131676
0 0 0 0
0 0 0 0
0 0 0 0
0 0 0 0
