55615909
0 -0.198461 -0.084005 2.15868 2
1 -0.168071 0.271973 2.24993 2
2 -0.137671 0.607309 2.32405 2
3 -0.158263 0.721818 2.37124 2
4 -0.298309 0.458444 2.26921 1
5 -0.372234 0.177132 2.22508 2
6 -0.44369 -0.0628406 2.18099 2
7 -0.462005 -0.117923 2.16565 2
8 -0.0500773 0.44594 2.2076 2
9 -0.228898 0.406526 1.98126 2
10 -0.422046 0.547567 1.91472 2
11 -0.478757 0.591179 1.8965 2
12 -0.256947 -0.0872904 2.12343 2
13 -0.250995 -0.565999 2.07614 2
14 -0.242648 -0.868626 1.92899 2
15 -0.170143 -0.884987 1.74531 2
16 -0.131793 -0.0797083 2.10904 2
17 -0.133881 -0.550382 2.07215 2
18 -0.0951268 -0.877826 1.90031 2
19 -0.132131 -0.881183 1.74532 2
20 -0.146146 0.524692 2.30784 2
21 -0.489509 -0.173747 2.15963 2
22 -0.411684 -0.137583 2.13092 2
23 -0.530708 0.636879 1.85342 2
24 -0.504703 0.565278 1.88404 2
1
0
-0.0675815 0.0329626 0.989002 0.127363
-0.086116 0.0305685 0.987561 0.127958
-0.109028 0.0395046 0.988075 0.101289
0 0 0 0
-0.177649 0.830735 -0.523495 -0.0653761
0.144757 -0.32027 -0.0306238 0.9357
0.0259356 0.748729 -0.165473 0.641366
0.00336867 0.740291 -0.203125 0.640857
-0.31716 0.857372 0.390808 -0.107665
-0.447464 0.744577 -0.481752 0.115307
0.635997 0.196972 -0.616102 0.420865
0.643132 0.19861 -0.617866 0.40642
-0.244251 0.712129 -0.645224 0.129999
0.027665 -0.656291 -0.0411631 0.752876
-0.181486 0.818412 0.132433 -0.528892
0 0 0 0
-0.312326 0.675596 0.654419 -0.133259
-0.0280388 0.753831 -0.0273293 0.655901
-0.223295 0.778134 -0.0990759 0.578646
0 0 0 0
-0.107696 0.0300279 0.986932 0.116039
0 0 0 0
0 0 0 0
0 0 0 0
0 0 0 0
