53827405
0 -0.238628 -0.108341 2.16616 2
1 -0.212376 0.237233 2.24973 2
2 -0.187426 0.573495 2.3194 2
3 -0.161928 0.715684 2.39062 2
4 -0.348032 0.416475 2.29101 2
5 -0.387714 0.186365 2.21927 2
6 -0.43987 -0.00309573 2.12591 1
7 -0.381613 -0.0754276 2.09347 1
8 -0.0727925 0.424043 2.19799 2
9 -0.137891 0.409736 1.95169 2
10 -0.23805 0.577698 1.84085 2
11 -0.252411 0.608771 1.8212 2
12 -0.295534 -0.117394 2.15121 2
13 -0.245974 -0.577718 2.0831 2
14 -0.249096 -0.879572 1.92182 2
15 -0.16702 -0.885522 1.75208 2
16 -0.17295 -0.0951108 2.09877 2
17 -0.167256 -0.585817 2.07897 2
18 -0.0982244 -0.862712 1.88748 2
19 -0.127668 -0.884587 1.73527 2
20 -0.194176 0.490946 2.30438 2
21 -0.389784 -0.164863 2.08544 2
22 -0.352023 -0.0844563 2.0358 2
23 -0.267199 0.664218 1.77346 2
24 -0.21677 0.621982 1.83953 2
0
0
-0.216473 0.0104431 0.968407 0.123363
-0.183475 0.0146247 0.975197 0.122937
-0.149403 0.0263756 0.983882 0.0946508
0 0 0 0
-0.1181 0.838898 -0.518535 -0.115865
0.146166 -0.495294 -0.0874073 0.851868
-0.195751 0.951206 -0.162036 0.175024
-0.282475 0.864696 0.229299 0.346311
-0.296032 0.821223 0.470018 -0.130541
-0.512775 0.647947 -0.457194 0.328938
0.856256 -0.33721 0.374745 0.11261
0.869912 -0.317688 0.369933 0.0740075
-0.153471 0.758835 -0.632779 0.0144121
-0.00536843 -0.537055 -0.0902138 0.838692
-0.211969 0.837062 0.118688 -0.490213
0 0 0 0
-0.367225 0.628617 0.65936 -0.187699
-0.016208 0.917834 0.0133159 -0.39641
-0.300964 0.779411 -0.0810022 0.543486
0 0 0 0
-0.148345 0.0190257 0.982641 0.109762
0 0 0 0
0 0 0 0
0 0 0 0
0 0 0 0
