54710516
0 -0.297569 -0.0945456 2.21308 2
1 -0.237191 0.279921 2.29185 2
2 -0.187211 0.635712 2.37147 2
3 -0.241487 0.739254 2.42688 2
4 -0.364496 0.449048 2.36837 1
5 -0.444556 0.176943 2.28533 2
6 -0.508938 -0.1012 2.24039 2
7 -0.519969 -0.155347 2.22846 2
8 -0.151139 0.443074 2.2237 2
9 -0.346423 0.605707 2.07418 2
10 -0.528377 0.786358 1.99727 2
11 -0.582325 0.862756 1.99321 2
12 -0.342989 -0.11083 2.21269 2
13 -0.258402 -0.568449 2.06917 2
14 -0.25677 -0.873203 1.92329 2
15 -0.180606 -0.878502 1.73291 2
16 -0.242234 -0.0749461 2.13478 2
17 -0.19756 -0.520179 2.02628 2
18 -0.103247 -0.87251 1.908 2
19 -0.146381 -0.874726 1.73162 2
20 -0.199932 0.54807 2.35339 2
21 -0.533358 -0.210429 2.21366 2
22 -0.490143 -0.152657 2.24178 2
23 -0.618943 0.93149 1.97473 2
24 -0.620428 0.85587 1.96688 2
1
0
-0.347733 0.0376435 0.928652 0.123572
-0.300288 0.0438493 0.945061 0.121509
-0.24524 0.043801 0.961598 0.115185
0 0 0 0
-0.0731132 0.845204 -0.487487 -0.206495
-0.0415799 0.812488 -0.194744 0.547913
0.0849791 0.286146 -0.10762 0.948323
0.0641796 0.281445 -0.130345 0.948514
-0.365539 0.868337 0.253794 -0.218998
0.59538 -0.471648 0.649081 0.0420101
-0.508013 -0.221758 0.76115 -0.336743
-0.558298 -0.231686 0.772238 -0.195637
-0.0649083 0.813325 -0.571882 -0.0850889
-0.016612 -0.416612 -0.172876 0.892341
-0.184479 0.818553 0.122409 -0.530051
0 0 0 0
-0.4373 0.592748 0.639458 -0.220256
-0.128372 0.899773 -0.00557867 0.41701
-0.201298 0.783772 0.0060278 0.58749
0 0 0 0
-0.244221 0.0380609 0.960874 0.125014
0 0 0 0
0 0 0 0
0 0 0 0
0 0 0 0
