52123278
0 -0.248751 -0.105455 2.17582 2
1 -0.255958 0.20767 2.25912 2
2 -0.266709 0.49866 2.32295 2
3 -0.22675 0.6376 2.40231 2
4 -0.380604 0.452797 2.32977 2
5 -0.388152 0.186409 2.19426 2
6 -0.283504 0.316688 2.05093 1
7 -0.198815 0.38724 2.05619 2
8 -0.105567 0.392767 2.23249 2
9 -0.207742 0.486692 1.97325 2
10 -0.337072 0.607792 1.84831 2
11 -0.370825 0.640748 1.81364 2
12 -0.305112 -0.111386 2.14057 2
13 -0.250595 -0.580824 2.06254 2
14 -0.245955 -0.892209 1.91952 2
15 -0.164727 -0.8826 1.74299 2
16 -0.183775 -0.0968154 2.12909 2
17 -0.162756 -0.521362 2.00627 2
18 -0.100011 -0.872664 1.89734 2
19 -0.133836 -0.878639 1.74072 2
20 -0.264336 0.42795 2.30965 2
21 -0.180565 0.42762 1.971 2
22 -0.172267 0.419288 1.96497 2
23 -0.402163 0.687174 1.75657 2
24 -0.349129 0.656619 1.81422 2
0
0
-0.0586924 -0.0188665 0.989763 0.128722
-0.0914116 -0.0231156 0.987278 0.128027
-0.124382 -0.0280224 0.987747 0.090003
0 0 0 0
0.00524818 -0.620091 0.77653 0.111627
-0.207032 0.836092 0.107831 -0.496447
0.795309 -0.204585 0.404187 -0.402816
0.84187 0.180394 0.333052 -0.384434
-0.217892 0.769141 0.595641 -0.0784678
-0.698056 0.575784 -0.415241 0.0936236
0.801421 -0.438005 0.370159 0.169877
0.804991 -0.439759 0.365329 0.158542
-0.262576 0.728508 -0.621785 0.117104
0.0120265 -0.66396 -0.0991329 0.741071
-0.177703 0.829405 0.11875 -0.516147
0 0 0 0
-0.296605 0.652914 0.682409 -0.141587
-0.120648 0.739025 -0.0753591 0.658489
-0.169384 0.778671 -0.0233386 0.603685
0 0 0 0
-0.124382 -0.0325742 0.985667 0.109216
0 0 0 0
0 0 0 0
0 0 0 0
0 0 0 0
