55670492
0 -0.190164 -0.0916121 2.1708 2
1 -0.185276 0.242799 2.25552 2
2 -0.180976 0.566246 2.32811 2
3 -0.190088 0.707744 2.38321 2
4 -0.323373 0.415408 2.25683 2
5 -0.388123 0.159258 2.15846 2
6 -0.454558 -0.0315237 2.0797 2
7 -0.461109 -0.075348 2.03251 2
8 -0.075953 0.409695 2.19084 2
9 -0.0167243 0.438913 1.9715 2
10 -0.0543459 0.600263 1.82926 2
11 -0.0473085 0.661132 1.7887 2
12 -0.248871 -0.0952584 2.14735 2
13 -0.250208 -0.557614 2.07578 2
14 -0.249278 -0.8633 1.9355 2
15 -0.172357 -0.884036 1.74866 2
16 -0.12385 -0.0836042 2.11209 2
17 -0.161174 -0.582004 2.08157 2
18 -0.089154 -0.852253 1.89093 2
19 -0.128698 -0.884305 1.74526 2
20 -0.182245 0.486977 2.31229 2
21 -0.487361 -0.134077 2.00697 2
22 -0.41324 -0.101537 2.01353 2
23 -0.0391289 0.713438 1.74408 2
24 -0.0689646 0.653074 1.74664 2
0
0
-0.143305 -0.0108036 0.981889 0.123457
-0.122083 -0.008137 0.984752 0.123661
-0.0981029 -0.0018405 0.990276 0.0986164
0 0 0 0
-0.221545 0.843486 -0.487341 -0.0441257
0.138537 -0.119621 -0.162857 0.969524
0.0136701 0.58278 -0.244698 0.774792
-0.181322 0.521643 -0.358616 0.752599
-0.349092 0.83813 0.402729 -0.11611
0.686355 -0.513053 0.304453 -0.415936
-0.432423 0.0801384 0.826114 -0.352312
-0.418896 0.171481 0.859477 -0.237527
-0.205711 0.725095 -0.654899 0.0550249
0.0470333 -0.596411 -0.0606146 0.799004
-0.179748 0.826103 0.115149 -0.521523
0 0 0 0
-0.327262 0.650898 0.661756 -0.176947
-0.0443347 0.884975 -0.0189118 -0.463137
-0.312228 0.811875 -0.0573931 0.489979
0 0 0 0
-0.0977574 -0.00515995 0.988644 0.114015
0 0 0 0
0 0 0 0
0 0 0 0
0 0 0 0
