57100666
0 -0.182021 -0.102111 2.13715 2
1 -0.18741 0.246171 2.22791 2
2 -0.188403 0.581714 2.30418 2
3 -0.180312 0.711931 2.33991 2
4 -0.328245 0.442268 2.23144 2
5 -0.366428 0.194302 2.11569 2
6 -0.220806 0.283231 1.95631 2
7 -0.223008 0.292531 1.95792 1
8 -0.0762785 0.439237 2.18037 2
9 0.0321339 0.446322 1.94786 2
10 0.0398262 0.639078 1.75691 2
11 0.0431441 0.671048 1.7287 2
12 -0.239663 -0.100097 2.10084 2
13 -0.26073 -0.636658 2.06512 2
14 -0.270054 -0.872526 1.89245 2
15 -0.202197 -0.881187 1.73725 2
16 -0.119704 -0.0991814 2.08996 2
17 -0.153164 -0.622954 2.06396 2
18 -0.101459 -0.875663 1.90428 2
19 -0.146495 -0.875038 1.73254 2
20 -0.189164 0.499274 2.28776 2
21 -0.197728 0.287511 1.94622 2
22 -0.240225 0.342596 1.95071 2
23 0.0872149 0.720708 1.67447 2
24 0.0646959 0.66398 1.7053 2
0
4
-0.0433947 -0.0131008 0.990911 0.126649
-0.0598989 -0.0152092 0.990051 0.126413
-0.0796221 -0.00331719 0.99197 0.0982045
0 0 0 0
-0.227722 0.822827 -0.520165 -0.0229435
-0.223893 0.868902 0.0338931 -0.440151
-0.171743 0.452087 0.812982 -0.324318
0.875149 0.128074 -0.462438 0.0621525
-0.334938 0.817837 0.456113 -0.104499
0.66561 -0.477466 0.266021 -0.508155
0.769608 -0.308095 0.512614 -0.223625
0.783158 -0.272926 0.510361 -0.227394
-0.275123 0.686697 -0.662634 0.116922
-0.00332545 0.580028 -0.0384098 0.813684
-0.277366 0.822979 0.14083 -0.475332
0 0 0 0
-0.29527 0.676138 0.656918 -0.15528
-0.0272676 0.995869 -0.0297428 -0.0813397
-0.275905 0.78197 -0.0858877 0.552288
0 0 0 0
-0.0788864 -0.0125845 0.990124 0.115205
0 0 0 0
0 0 0 0
0 0 0 0
0 0 0 0
