51945442
0 -0.163152 -0.0554709 2.16387 2
1 -0.179084 0.270322 2.25064 2
2 -0.192231 0.583718 2.32384 2
3 -0.179909 0.7161 2.37731 2
4 -0.328613 0.429775 2.24832 2
5 -0.343651 0.193811 2.11979 2
6 -0.169987 0.312889 2.0073 1
7 -0.135533 0.325166 2.08835 1
8 -0.0490806 0.440916 2.22375 2
9 0.0283232 0.590398 2.03442 2
10 0.0646606 0.736983 1.87655 2
11 0.0762462 0.820541 1.79328 2
12 -0.220511 -0.0627537 2.1335 2
13 -0.22994 -0.535024 2.05046 2
14 -0.244315 -0.857926 1.93738 2
15 -0.165999 -0.879152 1.75157 2
16 -0.099457 -0.0412623 2.10552 2
17 -0.119826 -0.521377 2.07549 2
18 -0.0945878 -0.874608 1.90058 2
19 -0.115114 -0.878782 1.74171 2
20 -0.188577 0.507093 2.30814 2
21 -0.0820872 0.350863 2.09464 2
22 -0.107318 0.288619 2.08443 2
23 0.096753 0.851093 1.71275 2
24 0.0849677 0.797942 1.73784 2
0
0
-0.126199 -0.0401231 0.983205 0.125583
-0.0837934 -0.0346844 0.987723 0.127193
-0.0367879 -0.0271699 0.99395 0.0998605
0 0 0 0
-0.21558 0.852081 -0.476614 -0.0179765
-0.239808 0.90063 0.0639668 -0.356743
0.437434 0.225048 0.747027 -0.447165
0.683183 0.656058 0.319836 0.0235473
-0.259597 0.827965 0.494527 -0.0502606
0.877563 -0.382152 0.157788 -0.242788
0.132837 0.0325747 0.904345 -0.404294
0.122466 0.00200054 0.91513 -0.384103
-0.242739 0.74063 -0.620744 0.0849769
0.0608154 -0.607477 -0.0628565 0.789507
-0.153016 0.833438 0.0714208 -0.526181
0 0 0 0
-0.331442 0.619819 0.686513 -0.186203
-0.011677 0.789408 -0.035859 0.612709
-0.194667 0.741807 -0.122252 0.629985
0 0 0 0
-0.0373995 -0.0240692 0.992025 0.117937
0 0 0 0
0 0 0 0
0 0 0 0
0 0 0 0
