49668790
0 -0.15763 -0.135245 2.15913 2
1 -0.158383 0.184704 2.24712 2
2 -0.162139 0.484881 2.31435 2
3 -0.166308 0.621815 2.41355 2
4 -0.265419 0.444886 2.33863 2
5 -0.287008 0.212385 2.18251 2
6 -0.191085 0.2667 1.92756 1
7 -0.159629 0.285285 1.84688 1
8 -0.0219914 0.449011 2.2405 2
9 -0.137706 0.594368 2.03076 2
10 -0.264158 0.757841 1.8518 2
11 -0.308749 0.813956 1.79688 2
12 -0.217296 -0.128442 2.11449 2
13 -0.223366 -0.569834 2.0259 1
14 -0.273554 -0.881743 1.88212 2
15 -0.187007 -0.876941 1.73333 2
16 -0.0937294 -0.134571 2.12366 2
17 -0.13722 -0.579631 2.07302 2
18 -0.0941398 -0.869422 1.88335 2
19 -0.142417 -0.879918 1.73842 2
20 -0.161562 0.412724 2.30072 2
21 -0.123684 0.284958 1.82603 1
22 -0.197113 0.298315 1.83219 1
23 -0.334984 0.859757 1.74416 2
24 -0.309386 0.822837 1.74894 2
0
0
0.0420245 0.00452873 0.990117 0.133721
-0.065431 -0.00997699 0.988846 0.133425
-0.176149 -0.0203776 0.979931 0.0910542
0 0 0 0
-0.0600898 -0.577758 0.797527 0.162897
-0.263185 0.791302 0.129838 -0.536393
-0.620122 0.60948 0.461758 -0.175392
-0.621588 0.605263 0.467491 -0.169522
-0.228548 0.615727 0.750908 -0.069162
0.683411 -0.483849 0.54068 -0.0806517
0.224019 -0.342244 0.865329 -0.289637
0.214433 -0.346771 0.874496 -0.262726
0.306898 -0.658855 0.671768 -0.143009
-0.0773426 0.732261 0.0619587 -0.673775
-0.222091 0.854647 0.0369865 -0.467853
0 0 0 0
-0.257637 0.697388 0.661994 -0.095065
-0.0115123 0.758977 -0.0734743 0.646856
-0.274101 0.806176 -0.0985492 0.515011
0 0 0 0
-0.175783 -0.0271039 0.977645 0.112145
0 0 0 0
0 0 0 0
0 0 0 0
0 0 0 0
