56527624
0 -0.163164 -0.0910448 2.21238 2
1 -0.195075 0.247909 2.29803 2
2 -0.226891 0.57322 2.36889 2
3 -0.213995 0.68689 2.43542 2
4 -0.314765 0.428539 2.2385 2
5 -0.294032 0.206445 2.10145 2
6 -0.0977571 0.0492155 2.01231 2
7 -0.0659658 0.00314651 2.02052 2
8 -0.0510039 0.418649 2.3444 2
9 0.143972 0.513035 2.30772 2
10 0.30532 0.666282 2.24071 2
11 0.363377 0.753158 2.23814 2
12 -0.216554 -0.0853214 2.15184 2
13 -0.235432 -0.563527 2.08317 2
14 -0.245507 -0.865752 1.93817 2
15 -0.171073 -0.878482 1.74835 2
16 -0.10387 -0.0932066 2.19024 2
17 -0.131146 -0.591969 2.10769 2
18 -0.0828018 -0.847302 1.89143 2
19 -0.126279 -0.874595 1.7371 2
20 -0.219131 0.493739 2.35365 2
21 -0.020237 -0.025692 1.99112 2
22 -0.0503895 0.023305 1.95924 2
23 0.435822 0.808631 2.22917 2
24 0.393648 0.733696 2.20453 2
3
2
0.170752 -0.0239671 0.976525 0.129106
0.176235 -0.0232414 0.97555 0.129238
0.18413 -0.0297112 0.977193 0.101527
0 0 0 0
-0.344597 0.820165 -0.426127 0.164312
-0.273373 0.960914 0.0330772 0.0285817
-0.277432 0.867432 0.358317 0.205433
-0.0252842 0.899289 0.303626 0.313768
-0.118181 0.827596 0.531402 0.136858
0.834628 -0.181217 -0.134903 -0.502352
0.54228 0.211979 0.731876 -0.354056
0.599965 0.218038 0.745408 -0.192012
-0.376355 0.649597 -0.62747 0.206548
-0.0694578 0.814626 0.0250827 -0.575266
-0.194917 0.820468 0.106823 -0.526714
0 0 0 0
-0.192517 0.716958 0.667735 -0.0551293
-0.0828804 0.824022 0.0236307 -0.559964
-0.331973 0.803124 -0.110334 0.482299
0 0 0 0
0.183217 -0.0266123 0.975653 0.117574
0 0 0 0
0 0 0 0
0 0 0 0
0 0 0 0
