51844327
0 -0.226458 -0.0860067 2.17753 2
1 -0.187104 0.29307 2.27987 2
2 -0.152318 0.659809 2.36507 2
3 -0.157914 0.776178 2.43197 2
4 -0.293004 0.506076 2.18737 1
5 -0.35858 0.22811 2.23007 2
6 -0.517125 0.253871 2.34994 1
7 -0.570642 0.262909 2.39434 1
8 -0.113305 0.484431 2.18678 2
9 -0.386453 0.56922 2.15401 2
10 -0.618133 0.717168 2.20461 2
11 -0.66851 0.757621 2.21687 2
12 -0.285073 -0.0892407 2.15205 2
13 -0.247773 -0.563436 2.08948 2
14 -0.256991 -0.866645 1.92647 2
15 -0.166736 -0.879332 1.74513 2
16 -0.162678 -0.0803747 2.12006 2
17 -0.138335 -0.532679 2.07129 2
18 -0.095592 -0.87372 1.89828 2
19 -0.123798 -0.872682 1.73843 2
20 -0.160735 0.570322 2.34613 2
21 -0.596674 0.246716 2.37724 1
22 -0.577373 0.323398 2.37863 1
23 -0.727062 0.812673 2.22675 2
24 -0.604921 0.752046 2.20593 2
0
2
-0.137538 0.0316793 0.980507 0.136699
-0.0921876 0.0379479 0.985805 0.135093
-0.0301981 0.0429387 0.993076 0.105096
0 0 0 0
-0.439082 0.80454 -0.39845 0.0340563
0.132408 0.315145 0.03429 0.939136
0.337047 -0.291942 0.671317 0.592032
0.324011 -0.27649 0.677832 0.599261
-0.489478 0.852778 0.175858 -0.0474886
0.357401 -0.559731 0.720785 0.19858
0.710739 -0.191969 0.50942 0.445522
0.726302 -0.16712 0.529201 0.40559
-0.209819 0.721085 -0.656284 0.07282
0.00842523 -0.602241 -0.0756655 0.794676
-0.218994 0.842859 0.108678 -0.479395
0 0 0 0
-0.348701 0.664732 0.6412 -0.159378
-0.0589146 0.796349 -0.0109773 0.601861
-0.216401 0.75785 -0.100125 0.607296
0 0 0 0
-0.0298202 0.0428957 0.99164 0.117988
0 0 0 0
0 0 0 0
0 0 0 0
0 0 0 0
