55888179
0 -0.176896 -0.090779 2.21076 2
1 -0.193322 0.244001 2.30951 2
2 -0.209146 0.564105 2.39323 2
3 -0.196236 0.6925 2.4619 2
4 -0.331012 0.419959 2.27186 2
5 -0.345747 0.212566 2.15034 2
6 -0.175093 0.0818928 2.01932 2
7 -0.138229 0.0310859 1.98857 2
8 -0.0644524 0.410788 2.28667 2
9 0.0418928 0.499978 2.08823 2
10 0.0744571 0.636382 1.9126 2
11 0.095169 0.695421 1.86269 2
12 -0.234149 -0.0897313 2.16607 2
13 -0.239578 -0.557857 2.07988 2
14 -0.247337 -0.864149 1.94165 2
15 -0.173466 -0.878233 1.75188 2
16 -0.113019 -0.0877408 2.17093 2
17 -0.144572 -0.553753 2.09685 2
18 -0.092576 -0.875267 1.90209 2
19 -0.125352 -0.877808 1.74266 2
20 -0.205547 0.485967 2.37457 2
21 -0.10437 0.00426686 1.96145 2
22 -0.180202 -0.00917869 2.04973 2
23 0.141898 0.743491 1.79537 2
24 0.0837237 0.724741 1.86386 2
0
0
0.0201121 -0.0208459 0.98926 0.143264
0.0264377 -0.0199293 0.989112 0.143394
0.0342086 -0.0185014 0.992304 0.117556
0 0 0 0
-0.323435 0.82787 -0.45482 0.0562241
-0.263431 0.955879 0.00380617 -0.129941
-0.335215 -0.141688 -0.357878 0.85993
-0.240558 -0.154256 -0.280521 0.916322
-0.284982 0.840253 0.46125 -0.00311658
0.812507 -0.436892 0.154869 -0.353516
0.886153 -0.4431 -0.134869 -0.0143145
0.91727 -0.353824 -0.165753 -0.0771368
-0.31644 0.687656 -0.638026 0.14113
-0.0694461 0.717285 0.058933 -0.690802
-0.182983 0.820536 0.104427 -0.53135
0 0 0 0
-0.273757 0.682927 0.667248 -0.115965
-0.0305366 0.692228 -0.0798027 0.716602
-0.256032 0.766904 -0.104038 0.579208
0 0 0 0
0.0340712 -0.0200731 0.990515 0.131593
0 0 0 0
0 0 0 0
0 0 0 0
0 0 0 0
