53429642
0 -0.148012 -0.0863538 2.16299 2
1 -0.125744 0.237335 2.26821 2
2 -0.10195 0.547023 2.35888 2
3 -0.0639651 0.678153 2.424 2
4 -0.258093 0.423742 2.24482 2
5 -0.433605 0.333021 2.07689 2
6 -0.495399 0.486836 1.95159 2
7 -0.50025 0.511446 1.94238 2
8 0.0202361 0.399012 2.31944 2
9 0.0220719 0.152432 2.36491 2
10 0.00552353 -0.0222532 2.14247 2
11 -0.00424998 -0.133701 2.06995 1
12 -0.203955 -0.0768992 2.10417 2
13 -0.24664 -0.505852 2.01657 2
14 -0.266959 -0.846709 1.89229 2
15 -0.196425 -0.878842 1.72856 2
16 -0.0864009 -0.0924661 2.13946 2
17 -0.0835866 -0.471091 2.0757 2
18 -0.0990715 -0.872928 1.90814 2
19 -0.134896 -0.874129 1.73019 2
20 -0.10799 0.471354 2.33875 2
21 -0.543431 0.5625 1.90178 2
22 -0.462872 0.533114 1.95271 2
23 -0.0233877 -0.207592 2.03705 2
24 -0.0254943 -0.106969 2.02187 2
2
1
0.150011 0.0564258 0.9757 0.149404
0.131027 0.0535124 0.978431 0.150472
0.109499 0.0528651 0.984771 0.124262
0 0 0 0
-0.269552 0.789641 -0.545446 0.079359
0.551213 -0.397408 -0.145695 0.71903
0.872299 -0.358729 0.330476 0.0345527
0.915192 -0.197262 0.350648 0.0236144
-0.1412 0.85469 0.486277 0.114463
0.0641042 0.728537 0.0647629 0.678919
-0.431217 0.871435 0.0759021 -0.221116
-0.284529 0.928418 0.0330395 -0.236626
0.348863 -0.630247 0.660407 -0.212003
-0.109572 0.798705 0.0203744 -0.591311
-0.163093 0.840299 0.0662464 -0.512747
0 0 0 0
-0.226215 0.738829 0.634575 -0.0165489
-0.052242 0.589419 -0.0650001 0.803512
-0.140924 0.761433 -0.137642 0.617588
0 0 0 0
0.110119 0.0526247 0.982518 0.140584
0 0 0 0
0 0 0 0
0 0 0 0
0 0 0 0
