56981349
0 -0.263361 -0.102744 2.16039 2
1 -0.234643 0.279119 2.24897 2
2 -0.201296 0.653271 2.32223 2
3 -0.213644 0.769544 2.39406 2
4 -0.319507 0.472888 2.17761 2
5 -0.504437 0.603732 2.05259 2
6 -0.725912 0.653716 1.97005 2
7 -0.744925 0.667084 1.96985 1
8 -0.162343 0.481966 2.17903 2
9 -0.420147 0.580442 2.07559 2
10 -0.62554 0.65521 2.00074 2
11 -0.686808 0.667518 1.9825 1
12 -0.321402 -0.106226 2.13371 2
13 -0.25144 -0.650909 2.06476 2
14 -0.272506 -0.878544 1.87948 2
15 -0.200554 -0.878198 1.72992 2
16 -0.196339 -0.0965176 2.09988 2
17 -0.179536 -0.610412 2.04114 2
18 -0.105062 -0.877612 1.90132 2
19 -0.157991 -0.872099 1.72219 2
20 -0.209728 0.562625 2.3066 2
21 -0.820315 0.715767 1.97669 2
22 -0.770716 0.604806 1.93617 2
23 -0.773544 0.6938 1.97208 2
24 -0.681366 0.686317 1.9575 2
1
1
-0.139932 0.0204322 0.982947 0.117545
-0.0997265 0.0252092 0.987836 0.116614
-0.0455164 0.0419198 0.994281 0.0870463
0 0 0 0
-0.389695 0.85675 -0.337725 0.00766077
-0.0246261 -0.403791 0.867313 -0.290024
-0.398547 -0.393674 0.666793 -0.491497
-0.533879 -0.365203 0.708899 -0.28118
-0.450089 0.866502 0.206126 -0.0640781
0.74541 -0.414958 0.333813 0.400928
0.678258 -0.467714 0.449192 0.345594
0.630941 -0.499477 0.443225 0.394953
-0.207513 0.720486 -0.655538 0.0900438
-0.0876215 0.815954 0.0161194 0.571211
-0.311482 0.82593 0.127258 -0.452353
0 0 0 0
-0.335159 0.659748 0.649665 -0.174173
-0.055197 0.797403 -0.0212116 0.600543
-0.262479 0.790365 -0.0318617 0.552642
0 0 0 0
-0.0449517 0.0385992 0.993053 0.101667
0 0 0 0
0 0 0 0
0 0 0 0
0 0 0 0
