50834027
0 -0.271726 -0.0988989 2.17922 2
1 -0.2223 0.272019 2.27591 2
2 -0.178426 0.628997 2.36247 2
3 -0.224332 0.736212 2.41011 2
4 -0.372138 0.443795 2.32687 2
5 -0.400655 0.187725 2.17285 2
6 -0.143323 0.262814 2.05171 1
7 -0.178027 0.333931 2.13251 1
8 -0.138596 0.414605 2.21897 2
9 -0.270392 0.551034 1.98583 2
10 -0.421755 0.70399 1.84609 2
11 -0.445408 0.728949 1.81452 1
12 -0.322717 -0.105003 2.14081 2
13 -0.265986 -0.559982 2.07745 2
14 -0.252297 -0.871388 1.91663 2
15 -0.171861 -0.879318 1.73461 2
16 -0.210125 -0.0888199 2.13516 2
17 -0.176844 -0.468397 2.04697 1
18 -0.0978416 -0.872567 1.89614 2
19 -0.140687 -0.873228 1.74085 2
20 -0.189392 0.541674 2.34331 2
21 -0.162287 0.352487 2.12728 2
22 -0.149728 0.296794 2.135 2
23 -0.464235 0.763616 1.77223 2
24 -0.417819 0.736315 1.81621 2
1
0
-0.0502355 0.0581002 0.988603 0.129482
-0.102631 0.0511466 0.984543 0.132382
-0.167029 0.0424252 0.978185 0.115994
0 0 0 0
-0.125983 0.846877 -0.498793 -0.134657
-0.270092 0.928406 0.0227734 -0.254153
0.747074 -0.0613543 0.263648 -0.607129
0.858885 0.32452 0.277015 0.283312
-0.3362 0.905758 0.208215 -0.152379
0.713611 -0.521442 0.466606 -0.0337062
0.794575 -0.422033 0.408308 0.154348
0.794902 -0.47185 0.368025 0.100232
-0.259827 0.717177 -0.620399 0.182351
0.000760605 -0.670311 -0.0922602 0.736323
-0.19005 0.826012 0.141307 -0.511486
0 0 0 0
-0.327835 0.649319 0.677112 -0.111481
-0.112554 0.729615 -0.0455062 0.672995
-0.195887 0.792143 -0.0290601 0.577315
0 0 0 0
-0.166025 0.0381313 0.976806 0.129739
0 0 0 0
0 0 0 0
0 0 0 0
0 0 0 0
