52498173
0 -0.150862 -0.0711639 2.15974 2
1 -0.169444 0.260943 2.24064 2
2 -0.187296 0.57855 2.3097 2
3 -0.160636 0.708845 2.35691 2
4 -0.3212 0.432163 2.21687 2
5 -0.322123 0.205767 2.12148 2
6 -0.309376 -0.0578981 2.00903 1
7 -0.299162 -0.112865 2.00709 1
8 -0.0302136 0.425148 2.24987 2
9 0.0936491 0.262857 2.14434 2
10 0.226838 0.462953 2.08542 2
11 0.257475 0.52198 2.07404 2
12 -0.210867 -0.0719199 2.10835 2
13 -0.229452 -0.56214 2.06799 2
14 -0.244124 -0.873755 1.92738 2
15 -0.162079 -0.882585 1.74095 2
16 -0.0851142 -0.0676237 2.12822 2
17 -0.105497 -0.557563 2.09914 2
18 -0.0892062 -0.83675 1.89775 2
19 -0.115395 -0.882417 1.75461 2
20 -0.183047 0.500901 2.29476 2
21 -0.293881 -0.19919 1.9893 2
22 -0.339121 -0.102809 2.02059 2
23 0.327148 0.582324 2.05075 2
24 0.26519 0.467614 2.04508 2
0
0
0.0746409 -0.0183143 0.989701 0.120773
0.0657931 -0.0193929 0.990328 0.120604
0.0568646 -0.0215014 0.993504 0.0961994
0 0 0 0
-0.239352 0.834356 -0.493837 0.0518319
-0.197941 0.979163 0.00714116 -0.0448233
0.0669445 -0.427663 -0.189887 0.88123
-0.074389 -0.442683 -0.0563498 0.891809
-0.174494 0.844483 0.50479 0.0398376
-0.347047 0.243904 -0.162698 0.890841
0.548899 0.158811 0.776509 -0.26556
0.563703 0.139911 0.787184 -0.207378
-0.315006 0.689418 -0.629275 0.171719
-0.0434349 0.757175 0.0124492 -0.651648
-0.190464 0.83208 0.0916175 -0.512808
0 0 0 0
-0.226786 0.684057 0.687616 -0.0884223
-0.0359946 0.758431 0.00352885 -0.650749
-0.264121 0.773296 -0.158703 0.554136
0 0 0 0
0.0564735 -0.0214602 0.991875 0.111953
0 0 0 0
0 0 0 0
0 0 0 0
0 0 0 0
