54000639
0 -0.0749998 -0.025567 2.09728 2
1 -0.0131818 0.345415 2.17292 2
2 0.049426 0.70107 2.23462 2
3 0.0546305 0.809526 2.34027 2
4 -0.103164 0.534706 2.26344 1
5 -0.149955 0.336956 2.14485 1
6 -0.363647 0.282451 2.10156 1
7 -0.419402 0.353048 2.0707 1
8 0.056813 0.526697 2.07447 2
9 -0.225521 0.630677 2.04598 2
10 -0.424118 0.707559 2.13253 2
11 -0.507665 0.733093 2.15366 2
12 -0.117997 -0.0207974 2.08154 2
13 -0.152313 -0.383565 2.0302 1
14 -0.166414 -0.811694 1.85619 2
15 -0.106678 -0.894802 1.73668 2
16 -0.0273633 -0.0276087 2.03553 2
17 0.00663832 -0.390736 1.98206 2
18 0.0373029 -0.832485 1.85347 2
19 -0.0221651 -0.897914 1.73417 2
20 0.0338907 0.614192 2.22139 2
21 -0.444443 0.400134 2.00985 1
22 -0.375708 0.350845 2.00175 1
23 -0.585768 0.792828 2.18525 2
24 -0.486939 0.749191 2.108 2
0
0
-0.226063 0.0564449 0.965616 0.115305
-0.279257 0.0499646 0.951596 0.118257
-0.345809 0.0561791 0.931223 0.100417
0 0 0 0
-0.0143423 0.816293 -0.507289 -0.275896
0.102454 0.00438515 -0.263178 0.959282
-0.0288688 0.778996 -0.614741 0.120103
0.187847 -0.342613 0.914258 -0.107061
-0.432124 0.812478 0.244345 -0.305687
0.589111 -0.437562 0.570067 0.369475
0.259248 -0.428333 0.774606 0.386403
0.295127 -0.485224 0.744946 0.35002
0.176694 -0.665366 0.721512 -0.074077
0.0766809 -0.525678 -0.0347827 0.846506
-0.179324 0.883008 0.0696741 -0.428119
0 0 0 0
-0.384284 0.67753 0.582444 -0.232462
-0.0862648 0.845298 0.000751031 0.527284
-0.140143 0.872763 -0.0367526 0.466148
0 0 0 0
-0.344584 0.049651 0.930684 0.112355
0 0 0 0
0 0 0 0
0 0 0 0
0 0 0 0
