54903649
0 -0.0889877 -0.0568742 2.12273 2
1 -0.0864781 0.258954 2.22352 2
2 -0.0815998 0.563017 2.31225 2
3 -0.118498 0.677826 2.37275 2
4 -0.194571 0.461911 2.32174 2
5 -0.249157 0.162952 2.2657 1
6 -0.0417862 0.230263 2.04592 1
7 0.065817 0.256657 2.01995 1
8 0.0598911 0.389977 2.14321 2
9 0.0135626 0.54133 1.92986 2
10 -0.154691 0.698896 1.83877 2
11 -0.205211 0.761539 1.80566 2
12 -0.148734 -0.0549649 2.09567 2
13 -0.165911 -0.409929 2.04417 2
14 -0.168949 -0.833707 1.86062 2
15 -0.0950091 -0.90109 1.74303 2
16 -0.0275324 -0.0571806 2.0713 2
17 0.0180909 -0.371472 2.0176 2
18 0.0405247 -0.808441 1.87216 2
19 -0.0200967 -0.888797 1.75142 2
20 -0.0831845 0.488217 2.29252 2
21 0.0904738 0.203185 1.98037 2
22 0.0704813 0.265822 2.00675 2
23 -0.246673 0.81568 1.76763 2
24 -0.1966 0.785753 1.80157 2
1
0
-0.0911594 -0.0103783 0.983875 0.153532
-0.151695 -0.0198321 0.976375 0.152599
-0.2184 -0.0182436 0.967297 0.12769
0 0 0 0
-0.0056834 0.754454 -0.623392 -0.205302
-0.120424 0.899614 -0.0422721 -0.417619
0.763449 -0.533687 -0.160816 -0.326285
0.722889 -0.368483 -0.305614 -0.498248
-0.305304 0.82872 0.43845 -0.166658
0.846784 -0.462174 0.26042 -0.0391656
0.848834 -0.320187 0.31199 0.282176
0.873732 -0.298153 0.310682 0.226215
-0.247518 0.694888 -0.673263 0.0508093
0.0643669 -0.63646 -0.0400477 0.767575
-0.187147 0.896418 0.0785877 -0.393998
0 0 0 0
-0.321582 0.690795 0.62823 -0.157208
-0.110045 0.76063 0.000548814 0.63979
-0.153639 0.87967 -0.0504592 0.447247
0 0 0 0
-0.217497 -0.0252389 0.965108 0.143614
0 0 0 0
0 0 0 0
0 0 0 0
0 0 0 0
