55113840
0 -0.0721049 -0.0328772 2.14081 2
1 -0.081576 0.270531 2.23787 2
2 -0.0982295 0.559355 2.32403 2
3 -0.102805 0.695798 2.36099 2
4 -0.257161 0.420855 2.25579 2
5 -0.313493 0.200248 2.20948 2
6 -0.118964 0.242014 2.00439 1
7 -0.111412 0.27271 2.03784 1
8 0.0715076 0.434015 2.21067 2
9 0.204435 0.521232 2.03806 2
10 0.224353 0.705282 1.8912 2
11 0.237106 0.768994 1.84874 2
12 -0.140146 -0.0332839 2.10469 2
13 -0.16122 -0.349987 2.03538 2
14 -0.167175 -0.783561 1.87731 2
15 -0.110307 -0.873313 1.7631 2
16 0.00209448 -0.0307109 2.09602 2
17 0.0212156 -0.390858 2.04176 2
18 0.0411962 -0.819563 1.87173 2
19 -0.0223895 -0.894401 1.74747 2
20 -0.0939894 0.488566 2.30477 2
21 -0.0958278 0.313477 1.99482 2
22 -0.0612248 0.2426 2.05348 2
23 0.276765 0.811563 1.78485 2
24 0.229997 0.825423 1.8395 2
0
2
-0.0290805 -0.0195712 0.987507 0.153628
-0.0430243 -0.021739 0.986998 0.153336
-0.055721 -0.0365102 0.989221 0.130398
0 0 0 0
-0.197467 0.825552 -0.525677 -0.0559878
-0.143007 0.897041 -0.0693949 -0.412371
0.0456258 0.420259 0.755646 -0.5003
0.889338 0.367426 -0.206325 -0.177499
-0.268001 0.797347 0.538934 -0.044322
0.813675 -0.372689 0.154133 -0.418664
0.917109 -0.330829 -0.219885 0.0333646
0.92455 -0.29902 -0.235873 -0.0125704
-0.267398 0.705494 -0.652579 0.07013
0.0971453 -0.678433 -0.0561584 0.726043
-0.158698 0.882173 0.0714066 -0.437593
0 0 0 0
-0.277504 0.690888 0.659913 -0.100895
-0.0722587 0.723678 -0.0322323 0.685587
-0.177924 0.880586 -0.063243 0.434639
0 0 0 0
-0.0562263 -0.0358692 0.986983 0.146347
0 0 0 0
0 0 0 0
0 0 0 0
0 0 0 0
