54083532
0 -0.0946291 -0.0568947 2.11031 2
1 -0.0436475 0.30901 2.207 2
2 0.00930997 0.665032 2.29017 2
3 -0.0439218 0.774195 2.34198 2
4 -0.202897 0.434657 2.26674 2
5 -0.26887 0.148916 2.24249 1
6 -0.0563199 0.129138 2.01777 2
7 0.00970578 0.116379 1.94883 2
8 0.0439226 0.414821 2.11933 2
9 -0.103817 0.577192 1.89927 2
10 -0.265741 0.694874 1.79396 2
11 -0.287471 0.727418 1.74688 2
12 -0.152922 -0.0582951 2.08997 2
13 -0.16794 -0.405459 2.03328 2
14 -0.168233 -0.833138 1.85808 2
15 -0.096061 -0.900415 1.73676 2
16 -0.0328783 -0.053966 2.05119 2
17 0.00931122 -0.357632 1.99879 2
18 0.0377664 -0.800212 1.87236 2
19 -0.0188027 -0.882904 1.75135 2
20 -0.00369714 0.578058 2.27146 2
21 0.079719 0.0814481 1.89584 2
22 -0.046036 0.0461422 1.94785 2
23 -0.331339 0.747739 1.67987 2
24 -0.264996 0.76976 1.7396 2
1
0
-0.16189 0.0456187 0.976152 0.137252
-0.176885 0.0435021 0.973546 0.137938
-0.197877 0.0505332 0.971863 0.11736
0 0 0 0
-0.100351 0.872562 -0.444817 -0.175224
-0.0826163 0.912486 -0.0874486 -0.391021
0.172039 0.351811 0.662191 -0.638854
0.168161 0.364474 0.636773 -0.658332
-0.331513 0.90878 0.179928 -0.178451
0.821003 -0.473962 0.295198 0.11905
0.750335 -0.438878 0.444011 0.217344
0.797967 -0.483916 0.35924 0.00456525
-0.186248 0.713524 -0.673775 0.0471394
0.0644717 -0.580677 -0.0531876 0.809832
-0.175058 0.88842 0.0816927 -0.416402
0 0 0 0
-0.358233 0.674629 0.623529 -0.166601
-0.108651 0.805625 0.00564702 0.58235
-0.136779 0.872434 -0.0379573 0.467663
0 0 0 0
-0.19703 0.0475451 0.970786 0.128423
0 0 0 0
0 0 0 0
0 0 0 0
0 0 0 0
