55182045
0 -0.0699914 -0.0348553 2.12192 2
1 -0.0812535 0.270841 2.2165 2
2 -0.0949526 0.562845 2.29968 2
3 -0.0907689 0.702876 2.32785 2
4 -0.247418 0.427902 2.21315 2
5 -0.313912 0.212756 2.16748 2
6 -0.0908058 0.278177 1.96332 2
7 -0.0956361 0.281533 1.94905 1
8 0.086822 0.428117 2.22137 2
9 0.281304 0.331616 2.14416 2
10 0.405956 0.496995 2.04268 2
11 0.444435 0.54656 2.01158 2
12 -0.141046 -0.0340083 2.08061 2
13 -0.160944 -0.347083 2.02633 2
14 -0.166493 -0.782738 1.87482 2
15 -0.109157 -0.874255 1.76334 2
16 0.0035162 -0.0352573 2.08596 2
17 0.026348 -0.372503 2.03391 2
18 0.0412211 -0.806266 1.87773 2
19 -0.016579 -0.888149 1.75666 2
20 -0.091492 0.49148 2.28112 2
21 -0.0716622 0.301357 1.92113 2
22 -0.0559835 0.318438 1.95133 2
23 0.518877 0.579897 1.98394 2
24 0.437802 0.58391 2.01722 2
0
2
0.021367 -0.0145557 0.988385 0.149752
0.0199377 -0.0147723 0.988415 0.149731
0.0196587 -0.02112 0.99146 0.127181
0 0 0 0
-0.227382 0.82162 -0.522722 0.000628846
-0.151748 0.900304 -0.0937997 -0.397022
0.778201 -0.417347 0.0109416 -0.469154
-0.667533 0.610777 -0.403839 0.135148
-0.203803 0.811731 0.54664 0.027238
-0.537435 0.248757 -0.0420738 0.804682
0.890584 -0.308728 -0.255756 -0.214794
0.888025 -0.313124 -0.255512 -0.219268
-0.278592 0.698071 -0.653865 0.0868568
-0.083414 0.717033 0.0368084 -0.691051
-0.15232 0.885846 0.0676662 -0.43301
0 0 0 0
-0.246009 0.705396 0.661077 -0.0698062
-0.0769409 0.6876 -0.0321652 0.721285
-0.160145 0.874592 -0.0645279 0.453077
0 0 0 0
0.019176 -0.0197246 0.989445 0.142273
0 0 0 0
0 0 0 0
0 0 0 0
0 0 0 0
