55038830
0 -0.071641 -0.0395221 2.12136 2
1 -0.0810403 0.266059 2.22863 2
2 -0.0892611 0.56062 2.32364 2
3 -0.0866574 0.693703 2.36061 2
4 -0.238779 0.429151 2.27236 2
5 -0.306851 0.196609 2.19853 2
6 -0.135608 0.269736 1.97662 2
7 -0.126238 0.319284 2.00089 2
8 0.0703146 0.429332 2.17708 2
9 0.207623 0.511028 2.00512 2
10 0.189506 0.711185 1.8712 2
11 0.183814 0.777193 1.82875 2
12 -0.138286 -0.0410839 2.0909 2
13 -0.161553 -0.351815 2.02804 2
14 -0.167325 -0.78676 1.87411 2
15 -0.111809 -0.877882 1.76095 2
16 -0.00133248 -0.0363354 2.07394 2
17 0.0216993 -0.402071 2.03187 2
18 0.0424501 -0.832804 1.86777 2
19 -0.0231484 -0.897276 1.74639 2
20 -0.0870542 0.488732 2.30197 2
21 -0.119387 0.372535 1.94245 2
22 -0.0843861 0.341709 2.02433 2
23 0.204326 0.828484 1.76785 2
24 0.196249 0.746946 1.77881 2
0
2
-0.060451 -0.0249878 0.983832 0.166722
-0.0844332 -0.0290475 0.982064 0.166063
-0.110393 -0.0310317 0.98302 0.143253
0 0 0 0
-0.174849 0.818441 -0.538155 -0.0998577
-0.196379 0.859315 -0.0490335 -0.46969
0.743165 -0.326224 0.271891 -0.517067
0.970433 0.220486 -0.0307771 -0.0932606
-0.317304 0.79608 0.507494 -0.0895781
0.809503 -0.380538 0.136842 -0.425639
0.157408 -0.0864176 0.943196 -0.27953
0.157909 -0.0835427 0.945773 -0.271292
-0.256384 0.713584 -0.650855 0.0381145
0.0932463 -0.655709 -0.050491 0.74753
-0.154095 0.880753 0.0702744 -0.442256
0 0 0 0
-0.30065 0.68454 0.654512 -0.112378
-0.0634784 0.744824 -0.0146808 0.664072
-0.172238 0.881194 -0.0597395 0.436191
0 0 0 0
-0.11061 -0.0306486 0.981078 0.155924
0 0 0 0
0 0 0 0
0 0 0 0
0 0 0 0
