54793594
0 -0.113982 -0.0827093 2.159 2
1 -0.105599 0.239495 2.24441 2
2 -0.0989597 0.542864 2.32684 2
3 -0.0677363 0.695835 2.3621 2
4 -0.188682 0.448403 2.31182 2
5 -0.248116 0.189514 2.27988 1
6 -0.274826 0.232194 2.04835 2
7 -0.253521 0.260399 2.05629 2
8 0.0480242 0.394282 2.12014 2
9 -0.0560774 0.554675 1.89306 2
10 -0.222853 0.662743 1.74075 2
11 -0.280282 0.700483 1.69693 2
12 -0.168778 -0.0787088 2.1333 2
13 -0.170808 -0.40617 2.04664 2
14 -0.168475 -0.829388 1.86129 2
15 -0.227225 -0.830606 1.72144 2
16 -0.0535486 -0.0823055 2.10372 2
17 -0.00752987 -0.373601 2.00902 2
18 0.0348673 -0.81106 1.86976 2
19 -0.0218944 -0.892404 1.74769 2
20 -0.10051 0.468911 2.30792 2
21 -0.249965 0.296263 1.97216 2
22 -0.278834 0.224163 2.02782 2
23 -0.322265 0.75782 1.64296 2
24 -0.312718 0.673806 1.67571 2
0
4
-0.117782 -0.00275598 0.984521 0.129764
-0.159164 -0.00822163 0.978683 0.129532
-0.203684 -0.0156304 0.970983 0.124344
0 0 0 0
-0.0849423 0.770231 -0.61613 -0.14111
0.123963 -0.651626 0.0281996 0.747811
0.766892 -0.639205 0.0440255 0.0368005
-0.0758052 0.301459 0.939959 0.140905
-0.36916 0.784427 0.463607 -0.182929
0.873567 -0.452907 0.0838547 0.157241
0.550052 0.0653693 -0.642845 0.529075
0.571884 0.0961457 -0.635986 0.509143
0.23705 -0.679419 0.690495 -0.0735806
0.0822199 -0.613892 -0.0994234 0.778775
0.108293 -0.527584 -0.174004 0.824409
0 0 0 0
-0.325377 0.680932 0.629758 -0.184027
-0.16815 0.766727 -0.0387222 0.61835
-0.157315 0.877074 -0.0288188 0.452949
0 0 0 0
-0.203429 -0.0170781 0.969734 0.133945
0 0 0 0
0 0 0 0
0 0 0 0
0 0 0 0
