54709999
0 -0.0505216 -0.0263612 2.11501 2
1 -0.0655686 0.276667 2.21257 2
2 -0.0790301 0.565714 2.29851 2
3 -0.0726838 0.701975 2.33954 2
4 -0.229065 0.428887 2.21474 2
5 -0.291399 0.209828 2.1553 2
6 -0.154737 0.252712 2.00624 2
7 -0.093694 0.259747 1.98271 2
8 0.105969 0.439286 2.2073 2
9 0.288606 0.501621 2.0788 2
10 0.353192 0.63966 1.90326 2
11 0.374153 0.686507 1.85142 2
12 -0.121494 -0.0247065 2.07441 2
13 -0.152287 -0.342669 2.01331 2
14 -0.165469 -0.782623 1.87446 2
15 -0.108443 -0.875005 1.76399 2
16 0.0227343 -0.0262037 2.07706 2
17 0.0327143 -0.387099 2.03681 2
18 0.0444773 -0.819007 1.87338 2
19 -0.0158765 -0.896483 1.74955 2
20 -0.0753275 0.495348 2.27935 2
21 -0.0502059 0.293809 1.90014 2
22 -0.126467 0.254679 1.92666 2
23 0.418787 0.748701 1.7961 2
24 0.341175 0.689086 1.83333 2
0
4
0.0138772 -0.0217227 0.987532 0.155294
0.00575906 -0.0229985 0.987613 0.15511
-0.002258 -0.0258874 0.990856 0.132398
0 0 0 0
-0.227288 0.827562 -0.513058 -0.0158917
-0.174488 0.883685 -0.0650409 -0.429447
-0.22435 0.541269 0.743902 -0.32141
-0.106737 0.651559 0.736251 -0.148369
-0.226893 0.798781 0.557155 0.00677433
0.790449 -0.406163 -0.098081 -0.447886
-0.670828 0.420499 0.588973 -0.162112
-0.67743 0.398442 0.601832 -0.141882
-0.282977 0.695509 -0.655775 0.0784228
-0.100736 0.709261 0.0322455 -0.696966
-0.143001 0.887073 0.0541179 -0.435573
0 0 0 0
-0.254939 0.702198 0.660273 -0.0772208
-0.0484992 0.694851 -0.0302678 0.716878
-0.16571 0.873805 -0.0710735 0.451612
0 0 0 0
-0.00304785 -0.0220167 0.988817 0.14747
0 0 0 0
0 0 0 0
0 0 0 0
0 0 0 0
