55781152
0 -0.0963839 -0.0654016 2.13347 2
1 -0.091087 0.253408 2.23343 2
2 -0.0862873 0.557981 2.32038 2
3 -0.134681 0.665164 2.39638 2
4 -0.209787 0.41489 2.28165 1
5 -0.290839 0.21994 2.08272 2
6 -0.166392 0.401161 2.10518 2
7 -0.0933822 0.407346 2.1068 1
8 0.0381319 0.418047 2.14644 2
9 -0.0274109 0.569551 1.90766 2
10 -0.182726 0.713824 1.75367 2
11 -0.222376 0.763715 1.69588 2
12 -0.161418 -0.0711018 2.1203 2
13 -0.164842 -0.410694 2.05375 2
14 -0.167814 -0.830598 1.86245 2
15 -0.093581 -0.899471 1.73899 2
16 -0.028517 -0.0566844 2.06779 2
17 9.623e-05 -0.362834 2.01804 2
18 0.0360691 -0.799296 1.87576 2
19 -0.0176113 -0.882875 1.75391 2
20 -0.0874657 0.48344 2.30097 2
21 -0.0785748 0.445033 2.10987 2
22 -0.139178 0.397195 2.16 2
23 -0.257626 0.802945 1.63099 2
24 -0.234731 0.743785 1.65425 2
0
0
-0.192049 -0.0215354 0.969616 0.149997
-0.184684 -0.0203963 0.971045 0.150156
-0.177098 -0.0150901 0.975933 0.126346
0 0 0 0
-0.160334 0.849845 -0.481815 -0.141108
-0.400205 0.784269 0.0617291 -0.470051
0.946842 0.0168835 -0.116312 -0.29946
0.726536 -0.0951935 -0.119755 -0.669883
-0.373116 0.793981 0.452535 -0.15997
0.846746 -0.48877 0.209702 0.0122776
-0.260271 -0.222925 0.841178 -0.41831
-0.228349 -0.153483 0.858966 -0.43183
-0.166385 0.735868 -0.655379 -0.0359571
0.0579425 -0.55444 -0.0774624 0.826582
-0.194924 0.891831 0.0837153 -0.399541
0 0 0 0
-0.354248 0.649586 0.648429 -0.179125
-0.0922652 0.8243 -0.00679754 0.558543
-0.156856 0.871986 -0.0383351 0.462134
0 0 0 0
-0.176699 -0.0178959 0.973895 0.141372
0 0 0 0
0 0 0 0
0 0 0 0
0 0 0 0
