55548174
0 -0.0642465 -0.0326794 2.13494 2
1 -0.105764 0.271685 2.2165 2
2 -0.148332 0.565101 2.28262 2
3 -0.146546 0.699194 2.32206 2
4 -0.261489 0.428801 2.17012 2
5 -0.322309 0.212172 2.09081 2
6 -0.0714979 0.270035 1.93263 2
7 -0.0772387 0.262594 1.94922 2
8 0.0635493 0.451286 2.25977 2
9 0.267555 0.537723 2.22783 2
10 0.390125 0.731351 2.16951 2
11 0.432416 0.815286 2.1683 2
12 -0.130878 -0.0273908 2.06969 2
13 -0.155291 -0.36512 2.01873 2
14 -0.165624 -0.800336 1.86752 2
15 -0.102367 -0.884782 1.75169 2
16 0.00519573 -0.0372047 2.12174 2
17 0.0158966 -0.4048 2.05001 2
18 0.041429 -0.829254 1.87102 2
19 -0.0257505 -0.896421 1.74341 2
20 -0.137882 0.493406 2.26847 2
21 -0.0344664 0.301342 1.90442 2
22 -0.0251266 0.273643 1.9965 2
23 0.497052 0.882466 2.16986 2
24 0.379133 0.83295 2.1546 2
0
2
0.190837 -0.0397642 0.970776 0.139975
0.16239 -0.0438372 0.975938 0.138754
0.135574 -0.0574508 0.983476 0.10533
0 0 0 0
-0.289395 0.823619 -0.47642 0.104533
-0.203044 0.925142 -0.0690302 -0.313241
-0.097066 0.576162 0.765729 -0.268838
0.398667 0.757569 -0.381976 -0.348208
-0.110465 0.769206 0.620927 0.102804
0.830548 -0.123011 -0.0570745 -0.540186
0.741659 -0.271402 -0.599468 -0.130076
0.741461 -0.154776 -0.629857 -0.171927
-0.365405 0.665757 -0.628321 0.168699
-0.081895 0.825686 0.0121745 -0.558022
-0.154892 0.888695 0.0618231 -0.427091
0 0 0 0
-0.143869 0.729135 0.668848 0.0174902
-0.0657188 0.557032 -0.0716717 0.824778
-0.190348 0.880787 -0.0613404 0.429207
0 0 0 0
0.134187 -0.0543723 0.981848 0.122525
0 0 0 0
0 0 0 0
0 0 0 0
0 0 0 0
