55955067
0 -0.0682466 -0.025768 2.13083 2
1 -0.0851459 0.272951 2.22942 2
2 -0.104205 0.560032 2.31567 2
3 -0.111466 0.69839 2.35076 2
4 -0.255885 0.418 2.24815 2
5 -0.311236 0.196955 2.19968 2
6 -0.174801 0.133587 1.97036 1
7 -0.142148 0.198776 1.99118 2
8 0.0777537 0.455119 2.20157 2
9 0.211316 0.565149 2.04539 2
10 0.236056 0.735745 1.89662 2
11 0.255668 0.811528 1.83776 2
12 -0.138062 -0.0298938 2.10029 2
13 -0.162452 -0.344429 2.03128 2
14 -0.166922 -0.778332 1.87625 2
15 -0.109597 -0.869653 1.76436 2
16 0.00396183 -0.0186277 2.07905 2
17 0.023428 -0.380083 2.03085 2
18 0.0426795 -0.812142 1.87213 2
19 -0.0178841 -0.891066 1.74986 2
20 -0.0994441 0.490088 2.29625 2
21 -0.154419 0.24381 1.89465 2
22 -0.130969 0.241075 2.01 2
23 0.298228 0.864028 1.7821 2
24 0.233059 0.848908 1.83159 2
0
2
-0.0772435 -0.0395014 0.98395 0.155935
-0.0705391 -0.0384383 0.984453 0.1562
-0.0621619 -0.0414371 0.988371 0.132447
0 0 0 0
-0.198482 0.835316 -0.508982 -0.0615514
-0.148764 0.877816 -0.0588151 -0.451496
-0.392848 0.116813 -0.479732 0.775811
0.952368 0.175627 0.151203 -0.198209
-0.266765 0.763799 0.585747 -0.0484629
0.855601 -0.364945 0.062909 -0.36167
0.880115 -0.348386 -0.316225 0.0634483
0.880154 -0.33601 -0.335002 0.0141363
-0.245084 0.725134 -0.642575 0.034822
0.0984055 -0.640768 -0.0576632 0.759215
-0.155613 0.885589 0.0704189 -0.431924
0 0 0 0
-0.301186 0.664701 0.670326 -0.134618
-0.0675681 0.755857 -0.0229176 0.650837
-0.165737 0.878291 -0.0600781 0.444439
0 0 0 0
-0.062628 -0.0411205 0.986413 0.146204
0 0 0 0
0 0 0 0
0 0 0 0
0 0 0 0
