56199539
0 -0.106346 -0.0546278 2.14147 2
1 -0.051851 0.305592 2.22558 2
2 0.00539902 0.656154 2.29393 2
3 -0.0535473 0.761546 2.34711 2
4 -0.170342 0.521641 2.2901 1
5 -0.220083 0.230073 2.19312 1
6 -0.323514 0.139632 2.00687 1
7 -0.284866 0.210741 2.08447 2
8 0.0379052 0.414638 2.12447 2
9 -0.156773 0.542119 1.91515 2
10 -0.404919 0.650213 1.86016 2
11 -0.449482 0.667992 1.8399 2
12 -0.157935 -0.0576886 2.12513 2
13 -0.165297 -0.409085 2.05919 2
14 -0.167466 -0.826813 1.86308 2
15 -0.0963661 -0.896299 1.7377 2
16 -0.0536687 -0.0509694 2.08022 2
17 -0.00984285 -0.383153 2.01721 2
18 0.034493 -0.816484 1.86791 2
19 -0.0261373 -0.893164 1.74357 2
20 -0.00842873 0.570471 2.27896 2
21 -0.315699 0.24714 2.01474 2
22 -0.235889 0.234236 2.04298 2
23 -0.511592 0.701528 1.80656 2
24 -0.425709 0.695204 1.84374 2
0
0
-0.210094 0.0478064 0.96828 0.12653
-0.206767 0.0482407 0.968995 0.126365
-0.205371 0.0596339 0.971726 0.100075
0 0 0 0
-0.0658052 0.789678 -0.592972 -0.143047
0.149847 -0.495338 -0.0959219 0.850286
0.251565 0.0280627 -0.491254 0.833425
0.903435 0.38893 0.0299075 -0.177887
-0.343023 0.900813 0.186871 -0.189604
0.76552 -0.515364 0.34297 0.175361
0.72313 -0.37188 0.41565 0.407459
0.736409 -0.442139 0.358318 0.365818
-0.165447 0.725332 -0.666628 0.0461302
0.0590474 -0.54161 -0.0720774 0.83545
-0.198643 0.886045 0.0891085 -0.409297
0 0 0 0
-0.384289 0.660054 0.612325 -0.204229
-0.113236 0.832636 0.00346677 0.54211
-0.168989 0.880303 -0.0302121 0.442263
0 0 0 0
-0.204436 0.0579965 0.97064 0.112695
0 0 0 0
0 0 0 0
0 0 0 0
0 0 0 0
