56366917
0 -0.0684776 -0.0316187 2.12816 2
1 -0.0742474 0.2738 2.22616 2
2 -0.0818404 0.565082 2.31492 2
3 -0.084617 0.696979 2.35846 2
4 -0.239113 0.428344 2.24432 2
5 -0.292199 0.164078 2.198 2
6 -0.195618 0.250148 1.95074 2
7 -0.179817 0.2575 1.97904 2
8 0.0668665 0.441968 2.19396 2
9 0.17081 0.527515 2.00031 2
10 0.166032 0.72754 1.81792 2
11 0.162572 0.79453 1.77588 2
12 -0.138365 -0.035391 2.09985 2
13 -0.16051 -0.348578 2.03042 2
14 -0.166959 -0.782389 1.87503 2
15 -0.108521 -0.873303 1.76351 2
16 0.00487262 -0.0253179 2.07229 2
17 0.024049 -0.373663 2.02626 2
18 0.0415599 -0.808484 1.87537 2
19 -0.0187641 -0.888478 1.754 2
20 -0.080008 0.493893 2.29485 2
21 -0.189327 0.277668 1.90366 2
22 -0.205752 0.219069 1.94806 2
23 0.189922 0.836202 1.70428 2
24 0.145007 0.830645 1.76461 2
0
0
-0.0981911 -0.0244242 0.983042 0.152941
-0.085879 -0.0225079 0.984194 0.153235
-0.072084 -0.0224344 0.987875 0.135657
0 0 0 0
-0.208835 0.824126 -0.523106 -0.0596985
-0.126737 0.799845 -0.0284878 -0.585981
0.808226 -0.555621 -0.0313648 -0.192543
0.0114638 0.312107 0.781308 0.540384
-0.298985 0.797349 0.52031 -0.06419
0.803118 -0.422225 0.190703 -0.374648
0.905515 -0.348582 -0.222358 0.0953434
0.934512 -0.263508 -0.223161 0.0863121
-0.23073 0.723871 -0.649447 0.031523
0.0953726 -0.625754 -0.0625756 0.771635
-0.157409 0.888667 0.0674723 -0.425371
0 0 0 0
-0.314356 0.668102 0.659748 -0.139831
-0.0679655 0.769636 -0.0206308 0.63452
-0.156687 0.877703 -0.0585097 0.449069
0 0 0 0
-0.0721073 -0.0235884 0.985875 0.149315
0 0 0 0
0 0 0 0
0 0 0 0
0 0 0 0
