53072469
0 -0.0237962 -0.0378505 2.15001 2
1 -0.0731585 0.275235 2.22433 2
2 -0.119283 0.575641 2.28516 2
3 -0.10992 0.698395 2.33795 2
4 -0.199067 0.436288 2.12544 2
5 -0.243788 0.228633 2.02748 2
6 0.0220857 0.282601 1.94805 2
7 0.0753927 0.288624 1.9354 2
8 0.0896841 0.47962 2.31993 2
9 0.297337 0.538959 2.35188 2
10 0.465663 0.679299 2.29825 2
11 0.519531 0.735248 2.28562 2
12 -0.0774994 -0.0274737 2.0559 2
13 -0.115127 -0.387021 2.01218 2
14 -0.1606 -0.82356 1.86301 2
15 -0.0934002 -0.899364 1.74032 2
16 0.0325285 -0.0464053 2.16621 2
17 0.0335136 -0.402559 2.06323 2
18 0.0461976 -0.824619 1.86924 2
19 -0.0240662 -0.894373 1.74436 2
20 -0.108068 0.502149 2.27241 2
21 0.145064 0.304717 1.90401 2
22 0.0828203 0.243916 1.94095 2
23 0.579221 0.809198 2.28314 2
24 0.555155 0.714003 2.26532 2
0
4
0.390638 -0.024886 0.910088 0.136099
0.329433 -0.0338555 0.933987 0.13415
0.268578 -0.0490413 0.956572 0.102133
0 0 0 0
-0.382175 0.791929 -0.419432 0.225539
-0.23066 0.952599 -0.0541402 -0.190838
-0.564014 -0.282832 -0.526634 0.569694
-0.556296 -0.316675 -0.495152 0.587432
-0.00847436 0.722124 0.666993 0.183263
0.724945 -0.165037 -0.332198 -0.580398
0.619701 0.209738 0.653436 -0.380791
0.641635 0.206386 0.666204 -0.319189
-0.447841 0.618867 -0.589155 0.263322
-0.0752619 0.924168 -0.0254772 -0.37363
-0.168903 0.890848 0.0247646 -0.421009
0 0 0 0
0.00520756 0.728615 0.654031 0.203315
-0.0543186 0.374618 -0.129344 0.916505
-0.200033 0.887742 -0.0764468 0.4075
0 0 0 0
0.267059 -0.0444327 0.955182 0.119722
0 0 0 0
0 0 0 0
0 0 0 0
0 0 0 0
