52207555
0 -0.0509524 -0.0189942 2.17428 2
1 -0.0122835 0.283263 2.21044 2
2 0.0245809 0.573527 2.21717 2
3 0.0613678 0.704067 2.2314 2
4 -0.150446 0.466464 2.13276 2
5 -0.329178 0.525253 1.99615 2
6 -0.448466 0.567382 1.78908 2
7 -0.492085 0.578169 1.7091 2
8 0.161886 0.428921 2.17522 2
9 0.216193 0.192577 2.18158 2
10 -0.0407221 0.190395 2.00968 2
11 -0.0216671 0.180623 2.00966 2
12 -0.124683 -0.00965738 2.13318 2
13 -0.153646 -0.340331 2.01884 2
14 -0.171615 -0.784887 1.87344 2
15 -0.116384 -0.871128 1.75361 2
16 0.0238976 -0.0267408 2.1374 2
17 0.0461062 -0.34642 2.02019 2
18 0.0516093 -0.792218 1.87789 2
19 0.00100677 -0.876412 1.75437 2
20 0.0154431 0.502578 2.21831 2
21 -0.539832 0.606796 1.63876 2
22 -0.449402 0.590723 1.71173 2
23 -0.0469615 0.207702 1.91854 2
24 -0.0801928 0.207061 2.04679 2
4
0
0.0169393 0.0642415 0.996101 0.0580459
0.0356855 0.0653227 0.995605 0.0568264
0.0516489 0.0634958 0.996581 -0.0112826
0 0 0 0
-0.189896 0.759814 -0.607422 0.132897
0.678923 -0.567977 0.406796 0.225795
-0.675348 0.642489 -0.361543 -0.0200003
-0.662721 0.66412 -0.345829 -0.012191
-0.130612 0.846315 0.515418 -0.0321816
-0.0206668 0.949232 0.111531 0.293415
-0.232486 0.686933 -0.665146 0.177915
-0.00507554 0.853288 0.521361 0.00753813
0.202177 -0.648974 0.717004 -0.154475
-0.148744 0.715147 0.0833122 -0.677864
-0.148071 0.872231 0.0565412 -0.462699
0 0 0 0
-0.205524 0.731008 0.641514 -0.108841
-0.142561 0.666698 -0.105969 0.723852
-0.13582 0.85286 -0.07256 0.498916
0 0 0 0
0.0532223 0.0636689 0.996446 0.0144622
0 0 0 0
0 0 0 0
0 0 0 0
0 0 0 0
