52123418
0 -0.0519816 -0.036943 2.1347 2
1 -0.0335735 0.27609 2.22982 2
2 -0.0152644 0.574785 2.31096 2
3 0.0092281 0.72467 2.34989 2
4 -0.194635 0.446005 2.26155 2
5 -0.26094 0.213654 2.20284 2
6 -0.174273 0.203868 1.98638 2
7 -0.148432 0.256463 1.94164 2
8 0.101793 0.411272 2.1682 2
9 0.188055 0.443065 1.94834 2
10 -0.0132741 0.562529 1.98112 2
11 -0.0735637 0.605041 1.97548 2
12 -0.121766 -0.037879 2.11027 2
13 -0.153208 -0.316376 2.0341 2
14 -0.171114 -0.759748 1.88265 2
15 -0.11901 -0.852742 1.76873 2
16 0.0193386 -0.0349218 2.07651 2
17 0.0405136 -0.348553 2.02465 2
18 0.0467534 -0.791612 1.87163 2
19 -0.01202 -0.880821 1.75974 2
20 -0.0198932 0.501455 2.29283 2
21 -0.117063 0.267471 1.89901 2
22 -0.105987 0.22815 1.94544 2
23 -0.141232 0.665241 1.94924 2
24 -0.0437774 0.607057 1.9295 2
0
4
-0.117835 0.0107107 0.981712 0.149135
-0.116417 0.0109261 0.981881 0.149119
-0.116127 0.016479 0.985387 0.123511
0 0 0 0
-0.164392 0.801296 -0.569122 -0.0836687
-0.174573 0.824075 -0.0480811 -0.536761
-0.422046 0.195966 -0.548552 0.694669
0.531586 -0.0332625 0.757701 -0.377093
-0.324696 0.847928 0.405814 -0.104427
0.745839 -0.574502 0.102115 -0.321318
0.27177 -0.441102 0.82391 0.229658
0.325994 -0.44286 0.825243 0.128753
-0.207299 0.711075 -0.67134 0.0264767
0.124579 -0.608263 -0.0709034 0.780685
-0.154589 0.878043 0.0573539 -0.449281
0 0 0 0
-0.327323 0.684126 0.635481 -0.144898
-0.0847628 0.780947 -0.0245592 0.618332
-0.151764 0.886762 -0.0663488 0.431531
0 0 0 0
-0.115422 0.0134468 0.983559 0.138231
0 0 0 0
0 0 0 0
0 0 0 0
0 0 0 0
