51642489
0 -0.0962435 -0.0639365 2.12916 2
1 -0.0885206 0.246931 2.23996 2
2 -0.0811158 0.544961 2.33758 2
3 -0.0211084 0.689076 2.37077 2
4 -0.199295 0.445994 2.31429 2
5 -0.245788 0.236746 2.21352 1
6 -0.228225 0.149804 1.96541 2
7 -0.229368 0.15779 1.96069 2
8 0.0590771 0.384071 2.13789 2
9 -0.0113446 0.53916 1.93984 2
10 -0.179794 0.670996 1.87012 2
11 -0.221235 0.710773 1.85866 2
12 -0.155205 -0.0628241 2.11915 2
13 -0.175132 -0.325703 2.04229 2
14 -0.175159 -0.757476 1.88262 2
15 -0.120762 -0.847061 1.76433 2
16 -0.0333535 -0.0615734 2.06193 2
17 0.0166238 -0.347188 2.00819 2
18 0.0427221 -0.785419 1.87203 2
19 -0.0189315 -0.873308 1.75918 2
20 -0.083215 0.471799 2.3157 2
21 -0.219155 0.198781 1.87695 2
22 -0.265867 0.174986 1.94252 2
23 -0.274442 0.777747 1.83059 2
24 -0.247228 0.693326 1.88351 2
4
4
-0.205779 -0.023959 0.963591 0.169037
-0.190502 -0.0212807 0.966727 0.169395
-0.175126 -0.01195 0.973751 0.144902
0 0 0 0
-0.118018 0.767785 -0.614471 -0.13785
-0.234791 0.762276 0.0562227 -0.600539
-0.425341 0.636814 0.392552 -0.509368
0.823047 -0.191212 -0.499795 0.190358
-0.370694 0.810889 0.427612 -0.148975
0.854786 -0.45016 0.257301 0.0221931
0.841148 -0.0263519 -0.292336 0.454219
0.872461 0.0162657 -0.279919 0.400241
-0.177202 0.698109 -0.691302 -0.057843
0.107311 -0.53467 -0.0991919 0.83233
-0.155757 0.870179 0.0823328 -0.460162
0 0 0 0
-0.367995 0.670979 0.614337 -0.192242
-0.123732 0.82744 0.0205589 0.547366
-0.147765 0.89339 -0.0381149 0.422572
0 0 0 0
-0.17426 -0.0174072 0.971266 0.161163
0 0 0 0
0 0 0 0
0 0 0 0
0 0 0 0
