52069761
0 -0.0806824 -0.0452462 2.12336 2
1 -0.0634114 0.265724 2.21859 2
2 -0.0463142 0.563856 2.29956 2
3 -0.0159368 0.719511 2.33524 2
4 -0.169433 0.455493 2.28848 2
5 -0.257696 0.170592 2.20037 1
6 -0.16979 0.229395 1.94399 2
7 -0.174677 0.247821 1.92894 2
8 0.0716177 0.380791 2.10714 2
9 0.043218 0.51155 1.9122 2
10 -0.163044 0.631408 1.92241 2
11 -0.203132 0.654369 1.9157 2
12 -0.14058 -0.0495075 2.12282 2
13 -0.168631 -0.32691 2.03151 2
14 -0.174189 -0.769195 1.8772 2
15 -0.11452 -0.85333 1.75724 2
16 -0.0222648 -0.046046 2.04845 2
17 0.026237 -0.3521 2.00896 2
18 0.0437229 -0.797366 1.8657 2
19 -0.0200485 -0.884381 1.75505 2
20 -0.0507286 0.491139 2.28181 2
21 -0.173996 0.243518 1.89765 2
22 -0.210002 0.271749 1.89783 2
23 -0.274165 0.692114 1.88866 2
24 -0.169371 0.663485 1.87191 2
1
0
-0.269051 -0.0144386 0.951326 0.149603
-0.235625 -0.00919912 0.960152 0.150016
-0.200767 0.00492451 0.971902 0.122782
0 0 0 0
-0.0832386 0.786888 -0.591166 -0.156208
-0.202727 0.783747 -0.0293924 -0.586326
-0.635946 0.602462 0.448985 -0.176139
0.842641 -0.249857 -0.411407 0.241396
-0.355151 0.835926 0.379586 -0.176095
0.847701 -0.468634 0.240657 -0.0621961
0.349666 -0.446086 0.792917 0.223659
0.388473 -0.481431 0.771375 0.14931
-0.104061 0.724172 -0.673566 -0.105142
0.118935 -0.478539 -0.114444 0.862414
-0.151202 0.876151 0.0712555 -0.452128
0 0 0 0
-0.381335 0.670333 0.591924 -0.23423
-0.0938069 0.864724 0.0363975 0.492065
-0.148628 0.897133 -0.0476459 0.413269
0 0 0 0
-0.199798 -0.000716509 0.969949 0.138851
0 0 0 0
0 0 0 0
0 0 0 0
0 0 0 0
